0 0
0.10101 0
0.20202 0
0.30303 0
0.40404 0
0.50505 0
0.60606 0
0.70707 0
0.80808 0
0.90909 0
1.0101 0
1.1111 0
1.2121 0
1.3131 0
1.4141 0
1.5152 0
1.6162 0
1.7172 0
1.8182 0
1.9192 0
2.0202 0
2.1212 0
2.2222 0
2.3232 0
2.4242 0
2.5253 0
2.6263 0
2.7273 0
2.8283 0
2.9293 0
3.0303 0
3.1313 0
3.2323 0
3.3333 0
3.4343 0
3.5354 0
3.6364 0
3.7374 0
3.8384 0
3.9394 0
4.0404 0
4.1414 0
4.2424 0
4.3434 0
4.4444 0
4.5455 1
4.6465 1
4.7475 1
4.8485 1
4.9495 1
5.0505 1
5.1515 1
5.2525 1
5.3535 1
5.4545 1
5.5556 0
5.6566 0
5.7576 0
5.8586 0
5.9596 0
6.0606 0
6.1616 0
6.2626 0
6.3636 0
6.4646 0
6.5657 0
6.6667 0
6.7677 0
6.8687 0
6.9697 0
7.0707 0
7.1717 0
7.2727 0
7.3737 0
7.4747 0
7.5758 0
7.6768 0
7.7778 0
7.8788 0
7.9798 0
8.0808 0
8.1818 0
8.2828 0
8.3838 0
8.4848 0
8.5859 0
8.6869 0
8.7879 0
8.8889 0
8.9899 0
9.0909 0
9.1919 0
9.2929 0
9.3939 0
9.4949 0
9.596 0
9.697 0
9.798 0
9.899 0
10 0
