/*--------------------------------*- C++ -*----------------------------------*\
| =========                 |                                                 |
| \\      /  F ield         | OpenFOAM: The Open Source CFD Toolbox           |
|  \\    /   O peration     | Version:  2206                                  |
|   \\  /    A nd           | Website:  www.openfoam.com                      |
|    \\/     M anipulation  |                                                 |
\*---------------------------------------------------------------------------*/
FoamFile
{
    version     2.0;
    format      ascii;
    arch        "LSB;label=32;scalar=64";
    class       surfaceScalarField;
    location    "1";
    object      phi;
}
// * * * * * * * * * * * * * * * * * * * * * * * * * * * * * * * * * * * * * //

dimensions      [0 3 -1 0 0 0 0];

oriented        oriented;

internalField   nonuniform List<scalar> 
1540
(
0.2
0
0.2
0
0.2
0
0.2
0
0.2
0
0.2
0
0.2
0
0.2
0
0.2
0
0.2
0
0.2
0
0.2
0
0.2
0
0.2
0
0.2
0
0.2
0
0.2
0
0.2
0
0.2
0
0.2
0
0.2
0
0.2
0
0.2
0
0.2
0
0.2
0
0.2
0
0.2
0
0.2
0
0.2
0
0.2
0
0.2
0
0.2
0
0.2
0
0.2
0
0.2
0
0.2
0
0.2
0
0.2
0
0.2
0
0
0.2
0
0.2
0
0.2
0
0.2
0
0.2
0
0.2
0
0.2
0
0.2
0
0.2
0
0.2
0
0.2
0
0.2
0
0.2
0
0.2
0
0.2
0
0.2
0
0.2
0
0.2
0
0.2
0
0.2
0
0.2
0
0.2
0
0.2
0
0.2
0
0.2
0
0.2
0
0.2
0
0.2
0
0.2
0
0.2
0
0.2
0
0.2
0
0.2
0
0.2
0
0.2
0
0.2
0
0.2
0
0.2
0
0.2
0
0
0.2
0
0.2
0
0.2
0
0.2
0
0.2
0
0.2
0
0.2
0
0.2
0
0.2
0
0.2
0
0.2
0
0.2
0
0.2
0
0.2
0
0.2
0
0.2
0
0.2
0
0.2
0
0.2
0
0.2
0
0.2
0
0.2
0
0.2
0
0.2
0
0.2
0
0.2
0
0.2
0
0.2
0
0.2
0
0.2
0
0.2
0
0.2
0
0.2
0
0.2
0
0.2
0
0.2
0
0.2
0
0.2
0
0.2
0
0
0.2
0
0.2
0
0.2
0
0.2
0
0.2
0
0.2
0
0.2
0
0.2
0
0.2
0
0.2
0
0.2
0
0.2
0
0.2
0
0.2
0
0.2
0
0.2
0
0.2
0
0.2
0
0.2
0
0.2
0
0.2
0
0.2
0
0.2
0
0.2
0
0.2
0
0.2
0
0.2
0
0.2
0
0.2
0
0.2
0
0.2
0
0.2
0
0.2
0
0.2
0
0.2
0
0.2
0
0.2
0
0.2
0
0.2
0
0
0.2
0
0.2
0
0.2
0
0.2
0
0.2
0
0.2
0
0.2
0
0.2
0
0.2
0
0.2
0
0.2
0
0.2
0
0.2
0
0.2
0
0.2
0
0.2
0
0.2
0
0.2
0
0.2
0
0.2
0
0.2
0
0.2
0
0.2
0
0.2
0
0.2
0
0.2
0
0.2
0
0.2
0
0.2
0
0.2
0
0.2
0
0.2
0
0.2
0
0.2
0
0.2
0
0.2
0
0.2
0
0.2
0
0.2
0
0
0.2
0
0.2
0
0.2
0
0.2
0
0.2
0
0.2
0
0.2
0
0.2
0
0.2
0
0.2
0
0.2
0
0.2
0
0.2
0
0.2
0
0.2
0
0.2
0
0.2
0
0.2
0
0.2
0
0.2
0
0.2
0
0.2
0
0.2
0
0.2
0
0.2
0
0.2
0
0.2
0
0.2
0
0.2
0
0.2
0
0.2
0
0.2
0
0.2
0
0.2
0
0.2
0
0.2
0
0.2
0
0.2
0
0.2
0
0
0.2
0
0.2
0
0.2
0
0.2
0
0.2
0
0.2
0
0.2
0
0.2
0
0.2
0
0.2
0
0.2
0
0.2
0
0.2
0
0.2
0
0.2
0
0.2
0
0.2
0
0.2
0
0.2
0
0.2
0
0.2
0
0.2
0
0.2
0
0.2
0
0.2
0
0.2
0
0.2
0
0.2
0
0.2
0
0.2
0
0.2
0
0.2
0
0.2
0
0.2
0
0.2
0
0.2
0
0.2
0
0.2
0
0.2
0
0
0.2
0
0.2
0
0.2
0
0.2
0
0.2
0
0.2
0
0.2
0
0.2
0
0.2
0
0.2
0
0.2
0
0.2
0
0.2
0
0.2
0
0.2
0
0.2
0
0.2
0
0.2
0
0.2
0
0.2
0
0.2
0
0.2
0
0.2
0
0.2
0
0.2
0
0.2
0
0.2
0
0.2
0
0.2
0
0.2
0
0.2
0
0.2
0
0.2
0
0.2
0
0.2
0
0.2
0
0.2
0
0.2
0
0.2
0
0
0.2
0
0.2
0
0.2
0
0.2
0
0.2
0
0.2
0
0.2
0
0.2
0
0.2
0
0.2
0
0.2
0
0.2
0
0.2
0
0.2
0
0.2
0
0.2
0
0.2
0
0.2
0
0.2
0
0.2
0
0.2
0
0.2
0
0.2
0
0.2
0
0.2
0
0.2
0
0.2
0
0.2
0
0.2
0
0.2
0
0.2
0
0.2
0
0.2
0
0.2
0
0.2
0
0.2
0
0.2
0
0.2
0
0.2
0
0
0.2
0
0.2
0
0.2
0
0.2
0
0.2
0
0.2
0
0.2
0
0.2
0
0.2
0
0.2
0
0.2
0
0.2
0
0.2
0
0.2
0
0.2
0
0.2
0
0.2
0
0.2
0
0.2
0
0.2
0
0.2
0
0.2
0
0.2
0
0.2
0
0.2
0
0.2
0
0.2
0
0.2
0
0.2
0
0.2
0
0.2
0
0.2
0
0.2
0
0.2
0
0.2
0
0.2
0
0.2
0
0.2
0
0.2
0
0
0.2
0
0.2
0
0.2
0
0.2
0
0.2
0
0.2
0
0.2
0
0.2
0
0.2
0
0.2
0
0.2
0
0.2
0
0.2
0
0.2
0
0.2
0
0.2
0
0.2
0
0.2
0
0.2
0
0.2
0
0.2
0
0.2
0
0.2
0
0.2
0
0.2
0
0.2
0
0.2
0
0.2
0
0.2
0
0.2
0
0.2
0
0.2
0
0.2
0
0.2
0
0.2
0
0.2
0
0.2
0
0.2
0
0.2
0
0
0.2
0
0.2
0
0.2
0
0.2
0
0.2
0
0.2
0
0.2
0
0.2
0
0.2
0
0.2
0
0.2
0
0.2
0
0.2
0
0.2
0
0.2
0
0.2
0
0.2
0
0.2
0
0.2
0
0.2
0
0.2
0
0.2
0
0.2
0
0.2
0
0.2
0
0.2
0
0.2
0
0.2
0
0.2
0
0.2
0
0.2
0
0.2
0
0.2
0
0.2
0
0.2
0
0.2
0
0.2
0
0.2
0
0.2
0
0
0.2
0
0.2
0
0.2
0
0.2
0
0.2
0
0.2
0
0.2
0
0.2
0
0.2
0
0.2
0
0.2
0
0.2
0
0.2
0
0.2
0
0.2
0
0.2
0
0.2
0
0.2
0
0.2
0
0.2
0
0.2
0
0.2
0
0.2
0
0.2
0
0.2
0
0.2
0
0.2
0
0.2
0
0.2
0
0.2
0
0.2
0
0.2
0
0.2
0
0.2
0
0.2
0
0.2
0
0.2
0
0.2
0
0.2
0
0
0.2
0
0.2
0
0.2
0
0.2
0
0.2
0
0.2
0
0.2
0
0.2
0
0.2
0
0.2
0
0.2
0
0.2
0
0.2
0
0.2
0
0.2
0
0.2
0
0.2
0
0.2
0
0.2
0
0.2
0
0.2
0
0.2
0
0.2
0
0.2
0
0.2
0
0.2
0
0.2
0
0.2
0
0.2
0
0.2
0
0.2
0
0.2
0
0.2
0
0.2
0
0.2
0
0.2
0
0.2
0
0.2
0
0.2
0
0
0.2
0
0.2
0
0.2
0
0.2
0
0.2
0
0.2
0
0.2
0
0.2
0
0.2
0
0.2
0
0.2
0
0.2
0
0.2
0
0.2
0
0.2
0
0.2
0
0.2
0
0.2
0
0.2
0
0.2
0
0.2
0
0.2
0
0.2
0
0.2
0
0.2
0
0.2
0
0.2
0
0.2
0
0.2
0
0.2
0
0.2
0
0.2
0
0.2
0
0.2
0
0.2
0
0.2
0
0.2
0
0.2
0
0.2
0
0
0.2
0
0.2
0
0.2
0
0.2
0
0.2
0
0.2
0
0.2
0
0.2
0
0.2
0
0.2
0
0.2
0
0.2
0
0.2
0
0.2
0
0.2
0
0.2
0
0.2
0
0.2
0
0.2
0
0.2
0
0.2
0
0.2
0
0.2
0
0.2
0
0.2
0
0.2
0
0.2
0
0.2
0
0.2
0
0.2
0
0.2
0
0.2
0
0.2
0
0.2
0
0.2
0
0.2
0
0.2
0
0.2
0
0.2
0
0
0.2
0
0.2
0
0.2
0
0.2
0
0.2
0
0.2
0
0.2
0
0.2
0
0.2
0
0.2
0
0.2
0
0.2
0
0.2
0
0.2
0
0.2
0
0.2
0
0.2
0
0.2
0
0.2
0
0.2
0
0.2
0
0.2
0
0.2
0
0.2
0
0.2
0
0.2
0
0.2
0
0.2
0
0.2
0
0.2
0
0.2
0
0.2
0
0.2
0
0.2
0
0.2
0
0.2
0
0.2
0
0.2
0
0.2
0
0
0.2
0
0.2
0
0.2
0
0.2
0
0.2
0
0.2
0
0.2
0
0.2
0
0.2
0
0.2
0
0.2
0
0.2
0
0.2
0
0.2
0
0.2
0
0.2
0
0.2
0
0.2
0
0.2
0
0.2
0
0.2
0
0.2
0
0.2
0
0.2
0
0.2
0
0.2
0
0.2
0
0.2
0
0.2
0
0.2
0
0.2
0
0.2
0
0.2
0
0.2
0
0.2
0
0.2
0
0.2
0
0.2
0
0.2
0
0
0.2
0
0.2
0
0.2
0
0.2
0
0.2
0
0.2
0
0.2
0
0.2
0
0.2
0
0.2
0
0.2
0
0.2
0
0.2
0
0.2
0
0.2
0
0.2
0
0.2
0
0.2
0
0.2
0
0.2
0
0.2
0
0.2
0
0.2
0
0.2
0
0.2
0
0.2
0
0.2
0
0.2
0
0.2
0
0.2
0
0.2
0
0.2
0
0.2
0
0.2
0
0.2
0
0.2
0
0.2
0
0.2
0
0.2
0
0
0.2
0.2
0.2
0.2
0.2
0.2
0.2
0.2
0.2
0.2
0.2
0.2
0.2
0.2
0.2
0.2
0.2
0.2
0.2
0.2
0.2
0.2
0.2
0.2
0.2
0.2
0.2
0.2
0.2
0.2
0.2
0.2
0.2
0.2
0.2
0.2
0.2
0.2
0.2
)
;

boundaryField
{
    sides
    {
        type            calculated;
        value           nonuniform List<scalar> 
40
(
0.2
0.2
0.2
0.2
0.2
0.2
0.2
0.2
0.2
0.2
0.2
0.2
0.2
0.2
0.2
0.2
0.2
0.2
0.2
0.2
-0.2
-0.2
-0.2
-0.2
-0.2
-0.2
-0.2
-0.2
-0.2
-0.2
-0.2
-0.2
-0.2
-0.2
-0.2
-0.2
-0.2
-0.2
-0.2
-0.2
)
;
    }
    empty
    {
        type            empty;
        value           nonuniform List<scalar> 0();
    }
}


// ************************************************************************* //
