/*--------------------------------*- C++ -*----------------------------------*\
| =========                 |                                                 |
| \\      /  F ield         | OpenFOAM: The Open Source CFD Toolbox           |
|  \\    /   O peration     | Version:  2206                                  |
|   \\  /    A nd           | Website:  www.openfoam.com                      |
|    \\/     M anipulation  |                                                 |
\*---------------------------------------------------------------------------*/
FoamFile
{
    version     2.0;
    format      ascii;
    arch        "LSB;label=32;scalar=64";
    class       volScalarField;
    location    "1";
    object      T;
}
// * * * * * * * * * * * * * * * * * * * * * * * * * * * * * * * * * * * * * //

dimensions      [0 0 0 1 0 0 0];

internalField   nonuniform List<scalar> 
800
(
8.04203e-06
-1.59967e-05
4.85199e-05
-0.000136081
0.000368698
-0.000956751
0.00236518
-0.0055312
0.0121289
-0.0246503
0.0456923
-0.0754157
0.10645
-0.118176
0.0784726
0.033807
-0.183151
0.255286
-0.131784
-0.059816
0.157631
0.327472
0.724562
0.986684
0.860269
0.544608
0.275154
0.118662
0.0457629
0.0162749
0.00544383
0.00173508
0.000531729
0.000157716
4.55028e-05
1.28187e-05
3.53751e-06
9.56822e-07
2.59801e-07
5.3953e-08
8.04203e-06
-1.59967e-05
4.85199e-05
-0.000136081
0.000368698
-0.000956751
0.00236518
-0.0055312
0.0121289
-0.0246503
0.0456923
-0.0754157
0.10645
-0.118176
0.0784726
0.033807
-0.183151
0.255286
-0.131784
-0.059816
0.157631
0.327472
0.724562
0.986684
0.860269
0.544608
0.275154
0.118662
0.0457629
0.0162749
0.00544383
0.00173508
0.000531729
0.000157716
4.55028e-05
1.28187e-05
3.53751e-06
9.56822e-07
2.59801e-07
5.3953e-08
8.04203e-06
-1.59967e-05
4.85199e-05
-0.000136081
0.000368698
-0.000956751
0.00236518
-0.0055312
0.0121289
-0.0246503
0.0456923
-0.0754157
0.10645
-0.118176
0.0784726
0.033807
-0.183151
0.255286
-0.131784
-0.059816
0.157631
0.327472
0.724562
0.986684
0.860269
0.544608
0.275154
0.118662
0.0457629
0.0162749
0.00544383
0.00173508
0.000531729
0.000157716
4.55028e-05
1.28187e-05
3.53751e-06
9.56822e-07
2.59801e-07
5.3953e-08
8.04203e-06
-1.59967e-05
4.85199e-05
-0.000136081
0.000368698
-0.000956751
0.00236518
-0.0055312
0.0121289
-0.0246503
0.0456923
-0.0754157
0.10645
-0.118176
0.0784726
0.033807
-0.183151
0.255286
-0.131784
-0.059816
0.157631
0.327472
0.724562
0.986684
0.860269
0.544608
0.275154
0.118662
0.0457629
0.0162749
0.00544383
0.00173508
0.000531729
0.000157716
4.55028e-05
1.28187e-05
3.53751e-06
9.56822e-07
2.59801e-07
5.3953e-08
8.04203e-06
-1.59967e-05
4.85199e-05
-0.000136081
0.000368698
-0.000956751
0.00236518
-0.0055312
0.0121289
-0.0246503
0.0456923
-0.0754157
0.10645
-0.118176
0.0784726
0.033807
-0.183151
0.255286
-0.131784
-0.059816
0.157631
0.327472
0.724562
0.986684
0.860269
0.544608
0.275154
0.118662
0.0457629
0.0162749
0.00544383
0.00173508
0.000531729
0.000157716
4.55028e-05
1.28187e-05
3.53751e-06
9.56822e-07
2.59801e-07
5.3953e-08
8.04203e-06
-1.59967e-05
4.85199e-05
-0.000136081
0.000368698
-0.000956751
0.00236518
-0.0055312
0.0121289
-0.0246503
0.0456923
-0.0754157
0.10645
-0.118176
0.0784726
0.033807
-0.183151
0.255286
-0.131784
-0.059816
0.157631
0.327472
0.724562
0.986684
0.860269
0.544608
0.275154
0.118662
0.0457629
0.0162749
0.00544383
0.00173508
0.000531729
0.000157716
4.55028e-05
1.28187e-05
3.53751e-06
9.56822e-07
2.59801e-07
5.3953e-08
8.04203e-06
-1.59967e-05
4.85199e-05
-0.000136081
0.000368698
-0.000956751
0.00236518
-0.0055312
0.0121289
-0.0246503
0.0456923
-0.0754157
0.10645
-0.118176
0.0784726
0.033807
-0.183151
0.255286
-0.131784
-0.059816
0.157631
0.327472
0.724562
0.986684
0.860269
0.544608
0.275154
0.118662
0.0457629
0.0162749
0.00544383
0.00173508
0.000531729
0.000157716
4.55028e-05
1.28187e-05
3.53751e-06
9.56822e-07
2.59801e-07
5.3953e-08
8.04203e-06
-1.59967e-05
4.85199e-05
-0.000136081
0.000368698
-0.000956751
0.00236518
-0.0055312
0.0121289
-0.0246503
0.0456923
-0.0754157
0.10645
-0.118176
0.0784726
0.033807
-0.183151
0.255286
-0.131784
-0.059816
0.157631
0.327472
0.724562
0.986684
0.860269
0.544608
0.275154
0.118662
0.0457629
0.0162749
0.00544383
0.00173508
0.000531729
0.000157716
4.55028e-05
1.28187e-05
3.53751e-06
9.56822e-07
2.59801e-07
5.3953e-08
8.04203e-06
-1.59967e-05
4.85199e-05
-0.000136081
0.000368698
-0.000956751
0.00236518
-0.0055312
0.0121289
-0.0246503
0.0456923
-0.0754157
0.10645
-0.118176
0.0784726
0.033807
-0.183151
0.255286
-0.131784
-0.059816
0.157631
0.327472
0.724562
0.986684
0.860269
0.544608
0.275154
0.118662
0.0457629
0.0162749
0.00544383
0.00173508
0.000531729
0.000157716
4.55028e-05
1.28187e-05
3.53751e-06
9.56822e-07
2.59801e-07
5.3953e-08
8.04203e-06
-1.59967e-05
4.85199e-05
-0.000136081
0.000368698
-0.000956751
0.00236518
-0.0055312
0.0121289
-0.0246503
0.0456923
-0.0754157
0.10645
-0.118176
0.0784726
0.033807
-0.183151
0.255286
-0.131784
-0.059816
0.157631
0.327472
0.724562
0.986684
0.860269
0.544608
0.275154
0.118662
0.0457629
0.0162749
0.00544383
0.00173508
0.000531729
0.000157716
4.55028e-05
1.28187e-05
3.53751e-06
9.56822e-07
2.59801e-07
5.3953e-08
8.04203e-06
-1.59967e-05
4.85199e-05
-0.000136081
0.000368698
-0.000956751
0.00236518
-0.0055312
0.0121289
-0.0246503
0.0456923
-0.0754157
0.10645
-0.118176
0.0784726
0.033807
-0.183151
0.255286
-0.131784
-0.059816
0.157631
0.327472
0.724562
0.986684
0.860269
0.544608
0.275154
0.118662
0.0457629
0.0162749
0.00544383
0.00173508
0.000531729
0.000157716
4.55028e-05
1.28187e-05
3.53751e-06
9.56822e-07
2.59801e-07
5.3953e-08
8.04203e-06
-1.59967e-05
4.85199e-05
-0.000136081
0.000368698
-0.000956751
0.00236518
-0.0055312
0.0121289
-0.0246503
0.0456923
-0.0754157
0.10645
-0.118176
0.0784726
0.033807
-0.183151
0.255286
-0.131784
-0.059816
0.157631
0.327472
0.724562
0.986684
0.860269
0.544608
0.275154
0.118662
0.0457629
0.0162749
0.00544383
0.00173508
0.000531729
0.000157716
4.55028e-05
1.28187e-05
3.53751e-06
9.56822e-07
2.59801e-07
5.3953e-08
8.04203e-06
-1.59967e-05
4.85199e-05
-0.000136081
0.000368698
-0.000956751
0.00236518
-0.0055312
0.0121289
-0.0246503
0.0456923
-0.0754157
0.10645
-0.118176
0.0784726
0.033807
-0.183151
0.255286
-0.131784
-0.059816
0.157631
0.327472
0.724562
0.986684
0.860269
0.544608
0.275154
0.118662
0.0457629
0.0162749
0.00544383
0.00173508
0.000531729
0.000157716
4.55028e-05
1.28187e-05
3.53751e-06
9.56822e-07
2.59801e-07
5.3953e-08
8.04203e-06
-1.59967e-05
4.85199e-05
-0.000136081
0.000368698
-0.000956751
0.00236518
-0.0055312
0.0121289
-0.0246503
0.0456923
-0.0754157
0.10645
-0.118176
0.0784726
0.033807
-0.183151
0.255286
-0.131784
-0.059816
0.157631
0.327472
0.724562
0.986684
0.860269
0.544608
0.275154
0.118662
0.0457629
0.0162749
0.00544383
0.00173508
0.000531729
0.000157716
4.55028e-05
1.28187e-05
3.53751e-06
9.56822e-07
2.59801e-07
5.3953e-08
8.04203e-06
-1.59967e-05
4.85199e-05
-0.000136081
0.000368698
-0.000956751
0.00236518
-0.0055312
0.0121289
-0.0246503
0.0456923
-0.0754157
0.10645
-0.118176
0.0784726
0.033807
-0.183151
0.255286
-0.131784
-0.059816
0.157631
0.327472
0.724562
0.986684
0.860269
0.544608
0.275154
0.118662
0.0457629
0.0162749
0.00544383
0.00173508
0.000531729
0.000157716
4.55028e-05
1.28187e-05
3.53751e-06
9.56822e-07
2.59801e-07
5.3953e-08
8.04203e-06
-1.59967e-05
4.85199e-05
-0.000136081
0.000368698
-0.000956751
0.00236518
-0.0055312
0.0121289
-0.0246503
0.0456923
-0.0754157
0.10645
-0.118176
0.0784726
0.033807
-0.183151
0.255286
-0.131784
-0.059816
0.157631
0.327472
0.724562
0.986684
0.860269
0.544608
0.275154
0.118662
0.0457629
0.0162749
0.00544383
0.00173508
0.000531729
0.000157716
4.55028e-05
1.28187e-05
3.53751e-06
9.56822e-07
2.59801e-07
5.3953e-08
8.04203e-06
-1.59967e-05
4.85199e-05
-0.000136081
0.000368698
-0.000956751
0.00236518
-0.0055312
0.0121289
-0.0246503
0.0456923
-0.0754157
0.10645
-0.118176
0.0784726
0.033807
-0.183151
0.255286
-0.131784
-0.059816
0.157631
0.327472
0.724562
0.986684
0.860269
0.544608
0.275154
0.118662
0.0457629
0.0162749
0.00544383
0.00173508
0.000531729
0.000157716
4.55028e-05
1.28187e-05
3.53751e-06
9.56822e-07
2.59801e-07
5.3953e-08
8.04203e-06
-1.59967e-05
4.85199e-05
-0.000136081
0.000368698
-0.000956751
0.00236518
-0.0055312
0.0121289
-0.0246503
0.0456923
-0.0754157
0.10645
-0.118176
0.0784726
0.033807
-0.183151
0.255286
-0.131784
-0.059816
0.157631
0.327472
0.724562
0.986684
0.860269
0.544608
0.275154
0.118662
0.0457629
0.0162749
0.00544383
0.00173508
0.000531729
0.000157716
4.55028e-05
1.28187e-05
3.53751e-06
9.56822e-07
2.59801e-07
5.3953e-08
8.04203e-06
-1.59967e-05
4.85199e-05
-0.000136081
0.000368698
-0.000956751
0.00236518
-0.0055312
0.0121289
-0.0246503
0.0456923
-0.0754157
0.10645
-0.118176
0.0784726
0.033807
-0.183151
0.255286
-0.131784
-0.059816
0.157631
0.327472
0.724562
0.986684
0.860269
0.544608
0.275154
0.118662
0.0457629
0.0162749
0.00544383
0.00173508
0.000531729
0.000157716
4.55028e-05
1.28187e-05
3.53751e-06
9.56822e-07
2.59801e-07
5.3953e-08
8.04203e-06
-1.59967e-05
4.85199e-05
-0.000136081
0.000368698
-0.000956751
0.00236518
-0.0055312
0.0121289
-0.0246503
0.0456923
-0.0754157
0.10645
-0.118176
0.0784726
0.033807
-0.183151
0.255286
-0.131784
-0.059816
0.157631
0.327472
0.724562
0.986684
0.860269
0.544608
0.275154
0.118662
0.0457629
0.0162749
0.00544383
0.00173508
0.000531729
0.000157716
4.55028e-05
1.28187e-05
3.53751e-06
9.56822e-07
2.59801e-07
5.3953e-08
)
;

boundaryField
{
    sides
    {
        type            zeroGradient;
    }
    empty
    {
        type            empty;
    }
}


// ************************************************************************* //
