/*--------------------------------*- C++ -*----------------------------------*\
| =========                 |                                                 |
| \\      /  F ield         | OpenFOAM: The Open Source CFD Toolbox           |
|  \\    /   O peration     | Version:  2206                                  |
|   \\  /    A nd           | Website:  www.openfoam.com                      |
|    \\/     M anipulation  |                                                 |
\*---------------------------------------------------------------------------*/
FoamFile
{
    version     2.0;
    format      ascii;
    arch        "LSB;label=32;scalar=64";
    class       volScalarField;
    location    "4";
    object      T;
}
// * * * * * * * * * * * * * * * * * * * * * * * * * * * * * * * * * * * * * //

dimensions      [0 0 0 1 0 0 0];

internalField   nonuniform List<scalar> 
800
(
0.259771
0.465146
0.254483
0.323608
0.177204
0.0911576
0.125839
-0.00389889
0.0349295
0.0314191
-0.0285282
0.0220339
0.00817499
-0.021287
0.013235
0.0064274
-0.014088
0.00411466
0.00779309
-0.00624024
-0.0028014
0.00426426
0.000938568
-0.00118186
-0.000842472
-0.00218742
0.00221174
0.0104961
0.0102155
0.00573243
0.0389596
0.137262
0.300856
0.458058
0.579077
0.587005
0.559373
0.421943
0.357249
0.186599
0.259771
0.465146
0.254483
0.323608
0.177204
0.0911576
0.125839
-0.00389889
0.0349295
0.0314191
-0.0285282
0.0220339
0.00817499
-0.021287
0.013235
0.0064274
-0.014088
0.00411466
0.00779309
-0.00624024
-0.0028014
0.00426426
0.000938568
-0.00118186
-0.000842472
-0.00218742
0.00221174
0.0104961
0.0102155
0.00573243
0.0389596
0.137262
0.300856
0.458058
0.579077
0.587005
0.559373
0.421943
0.357249
0.186599
0.259771
0.465146
0.254483
0.323608
0.177204
0.0911576
0.125839
-0.00389889
0.0349295
0.0314191
-0.0285282
0.0220339
0.00817499
-0.021287
0.013235
0.0064274
-0.014088
0.00411466
0.00779309
-0.00624024
-0.0028014
0.00426426
0.000938568
-0.00118186
-0.000842472
-0.00218742
0.00221174
0.0104961
0.0102155
0.00573243
0.0389596
0.137262
0.300856
0.458058
0.579077
0.587005
0.559373
0.421943
0.357249
0.186599
0.259771
0.465146
0.254483
0.323608
0.177204
0.0911576
0.125839
-0.00389889
0.0349295
0.0314191
-0.0285282
0.0220339
0.00817499
-0.021287
0.013235
0.0064274
-0.014088
0.00411466
0.00779309
-0.00624024
-0.0028014
0.00426426
0.000938568
-0.00118186
-0.000842472
-0.00218742
0.00221174
0.0104961
0.0102155
0.00573243
0.0389596
0.137262
0.300856
0.458058
0.579077
0.587005
0.559373
0.421943
0.357249
0.186599
0.259771
0.465146
0.254483
0.323608
0.177204
0.0911576
0.125839
-0.00389889
0.0349295
0.0314191
-0.0285282
0.0220339
0.00817499
-0.021287
0.013235
0.0064274
-0.014088
0.00411466
0.00779309
-0.00624024
-0.0028014
0.00426426
0.000938568
-0.00118186
-0.000842472
-0.00218742
0.00221174
0.0104961
0.0102155
0.00573243
0.0389596
0.137262
0.300856
0.458058
0.579077
0.587005
0.559373
0.421943
0.357249
0.186599
0.259771
0.465146
0.254483
0.323608
0.177204
0.0911576
0.125839
-0.00389889
0.0349295
0.0314191
-0.0285282
0.0220339
0.00817499
-0.021287
0.013235
0.0064274
-0.014088
0.00411466
0.00779309
-0.00624024
-0.0028014
0.00426426
0.000938568
-0.00118186
-0.000842472
-0.00218742
0.00221174
0.0104961
0.0102155
0.00573243
0.0389596
0.137262
0.300856
0.458058
0.579077
0.587005
0.559373
0.421943
0.357249
0.186599
0.259771
0.465146
0.254483
0.323608
0.177204
0.0911576
0.125839
-0.00389889
0.0349295
0.0314191
-0.0285282
0.0220339
0.00817499
-0.021287
0.013235
0.0064274
-0.014088
0.00411466
0.00779309
-0.00624024
-0.0028014
0.00426426
0.000938568
-0.00118186
-0.000842472
-0.00218742
0.00221174
0.0104961
0.0102155
0.00573243
0.0389596
0.137262
0.300856
0.458058
0.579077
0.587005
0.559373
0.421943
0.357249
0.186599
0.259771
0.465146
0.254483
0.323608
0.177204
0.0911576
0.125839
-0.00389889
0.0349295
0.0314191
-0.0285282
0.0220339
0.00817499
-0.021287
0.013235
0.0064274
-0.014088
0.00411466
0.00779309
-0.00624024
-0.0028014
0.00426426
0.000938568
-0.00118186
-0.000842472
-0.00218742
0.00221174
0.0104961
0.0102155
0.00573243
0.0389596
0.137262
0.300856
0.458058
0.579077
0.587005
0.559373
0.421943
0.357249
0.186599
0.259771
0.465146
0.254483
0.323608
0.177204
0.0911576
0.125839
-0.00389889
0.0349295
0.0314191
-0.0285282
0.0220339
0.00817499
-0.021287
0.013235
0.0064274
-0.014088
0.00411466
0.00779309
-0.00624024
-0.0028014
0.00426426
0.000938568
-0.00118186
-0.000842472
-0.00218742
0.00221174
0.0104961
0.0102155
0.00573243
0.0389596
0.137262
0.300856
0.458058
0.579077
0.587005
0.559373
0.421943
0.357249
0.186599
0.259771
0.465146
0.254483
0.323608
0.177204
0.0911576
0.125839
-0.00389889
0.0349295
0.0314191
-0.0285282
0.0220339
0.00817499
-0.021287
0.013235
0.0064274
-0.014088
0.00411466
0.00779309
-0.00624024
-0.0028014
0.00426426
0.000938568
-0.00118186
-0.000842472
-0.00218742
0.00221174
0.0104961
0.0102155
0.00573243
0.0389596
0.137262
0.300856
0.458058
0.579077
0.587005
0.559373
0.421943
0.357249
0.186599
0.259771
0.465146
0.254483
0.323608
0.177204
0.0911576
0.125839
-0.00389889
0.0349295
0.0314191
-0.0285282
0.0220339
0.00817499
-0.021287
0.013235
0.0064274
-0.014088
0.00411466
0.00779309
-0.00624024
-0.0028014
0.00426426
0.000938568
-0.00118186
-0.000842472
-0.00218742
0.00221174
0.0104961
0.0102155
0.00573243
0.0389596
0.137262
0.300856
0.458058
0.579077
0.587005
0.559373
0.421943
0.357249
0.186599
0.259771
0.465146
0.254483
0.323608
0.177204
0.0911576
0.125839
-0.00389889
0.0349295
0.0314191
-0.0285282
0.0220339
0.00817499
-0.021287
0.013235
0.0064274
-0.014088
0.00411466
0.00779309
-0.00624024
-0.0028014
0.00426426
0.000938568
-0.00118186
-0.000842472
-0.00218742
0.00221174
0.0104961
0.0102155
0.00573243
0.0389596
0.137262
0.300856
0.458058
0.579077
0.587005
0.559373
0.421943
0.357249
0.186599
0.259771
0.465146
0.254483
0.323608
0.177204
0.0911576
0.125839
-0.00389889
0.0349295
0.0314191
-0.0285282
0.0220339
0.00817499
-0.021287
0.013235
0.0064274
-0.014088
0.00411466
0.00779309
-0.00624024
-0.0028014
0.00426426
0.000938568
-0.00118186
-0.000842472
-0.00218742
0.00221174
0.0104961
0.0102155
0.00573243
0.0389596
0.137262
0.300856
0.458058
0.579077
0.587005
0.559373
0.421943
0.357249
0.186599
0.259771
0.465146
0.254483
0.323608
0.177204
0.0911576
0.125839
-0.00389889
0.0349295
0.0314191
-0.0285282
0.0220339
0.00817499
-0.021287
0.013235
0.0064274
-0.014088
0.00411466
0.00779309
-0.00624024
-0.0028014
0.00426426
0.000938568
-0.00118186
-0.000842472
-0.00218742
0.00221174
0.0104961
0.0102155
0.00573243
0.0389596
0.137262
0.300856
0.458058
0.579077
0.587005
0.559373
0.421943
0.357249
0.186599
0.259771
0.465146
0.254483
0.323608
0.177204
0.0911576
0.125839
-0.00389889
0.0349295
0.0314191
-0.0285282
0.0220339
0.00817499
-0.021287
0.013235
0.0064274
-0.014088
0.00411466
0.00779309
-0.00624024
-0.0028014
0.00426426
0.000938568
-0.00118186
-0.000842472
-0.00218742
0.00221174
0.0104961
0.0102155
0.00573243
0.0389596
0.137262
0.300856
0.458058
0.579077
0.587005
0.559373
0.421943
0.357249
0.186599
0.259771
0.465146
0.254483
0.323608
0.177204
0.0911576
0.125839
-0.00389889
0.0349295
0.0314191
-0.0285282
0.0220339
0.00817499
-0.021287
0.013235
0.0064274
-0.014088
0.00411466
0.00779309
-0.00624024
-0.0028014
0.00426426
0.000938568
-0.00118186
-0.000842472
-0.00218742
0.00221174
0.0104961
0.0102155
0.00573243
0.0389596
0.137262
0.300856
0.458058
0.579077
0.587005
0.559373
0.421943
0.357249
0.186599
0.259771
0.465146
0.254483
0.323608
0.177204
0.0911576
0.125839
-0.00389889
0.0349295
0.0314191
-0.0285282
0.0220339
0.00817499
-0.021287
0.013235
0.0064274
-0.014088
0.00411466
0.00779309
-0.00624024
-0.0028014
0.00426426
0.000938568
-0.00118186
-0.000842472
-0.00218742
0.00221174
0.0104961
0.0102155
0.00573243
0.0389596
0.137262
0.300856
0.458058
0.579077
0.587005
0.559373
0.421943
0.357249
0.186599
0.259771
0.465146
0.254483
0.323608
0.177204
0.0911576
0.125839
-0.00389889
0.0349295
0.0314191
-0.0285282
0.0220339
0.00817499
-0.021287
0.013235
0.0064274
-0.014088
0.00411466
0.00779309
-0.00624024
-0.0028014
0.00426426
0.000938568
-0.00118186
-0.000842472
-0.00218742
0.00221174
0.0104961
0.0102155
0.00573243
0.0389596
0.137262
0.300856
0.458058
0.579077
0.587005
0.559373
0.421943
0.357249
0.186599
0.259771
0.465146
0.254483
0.323608
0.177204
0.0911576
0.125839
-0.00389889
0.0349295
0.0314191
-0.0285282
0.0220339
0.00817499
-0.021287
0.013235
0.0064274
-0.014088
0.00411466
0.00779309
-0.00624024
-0.0028014
0.00426426
0.000938568
-0.00118186
-0.000842472
-0.00218742
0.00221174
0.0104961
0.0102155
0.00573243
0.0389596
0.137262
0.300856
0.458058
0.579077
0.587005
0.559373
0.421943
0.357249
0.186599
0.259771
0.465146
0.254483
0.323608
0.177204
0.0911576
0.125839
-0.00389889
0.0349295
0.0314191
-0.0285282
0.0220339
0.00817499
-0.021287
0.013235
0.0064274
-0.014088
0.00411466
0.00779309
-0.00624024
-0.0028014
0.00426426
0.000938568
-0.00118186
-0.000842472
-0.00218742
0.00221174
0.0104961
0.0102155
0.00573243
0.0389596
0.137262
0.300856
0.458058
0.579077
0.587005
0.559373
0.421943
0.357249
0.186599
)
;

boundaryField
{
    sides
    {
        type            zeroGradient;
    }
    empty
    {
        type            empty;
    }
}


// ************************************************************************* //
