0 	1.00034
0.0050025 	1.00083
0.010005 	1.00132
0.0150075 	1.00181
0.02001 	1.00231
0.0250125 	1.0028
0.030015 	1.00329
0.0350175 	1.00378
0.04002 	1.00428
0.0450225 	1.00477
0.050025 	1.00525
0.0550275 	1.003
0.06003 	1.00075
0.0650325 	0.998503
0.070035 	0.996254
0.0750375 	0.994005
0.08004 	0.991757
0.0850425 	0.989508
0.090045 	0.98726
0.0950475 	0.985011
0.10005 	0.982755
0.105053 	0.979759
0.110055 	0.976763
0.115058 	0.973767
0.12006 	0.97077
0.125063 	0.967774
0.130065 	0.964778
0.135068 	0.961782
0.14007 	0.958785
0.145073 	0.955789
0.150075 	0.95276
0.155078 	0.947586
0.16008 	0.942413
0.165083 	0.937239
0.170085 	0.932065
0.175088 	0.926892
0.18009 	0.921718
0.185093 	0.916545
0.190095 	0.911371
0.195098 	0.906197
0.2001 	0.901006
0.205103 	0.894933
0.210105 	0.88886
0.215108 	0.882787
0.22011 	0.876715
0.225113 	0.870642
0.230115 	0.864569
0.235118 	0.858496
0.24012 	0.852424
0.245123 	0.846351
0.250125 	0.840242
0.255128 	0.832733
0.26013 	0.825225
0.265133 	0.817716
0.270135 	0.810207
0.275138 	0.802698
0.28014 	0.79519
0.285143 	0.787681
0.290145 	0.780172
0.295148 	0.772663
0.30015 	0.765146
0.305153 	0.757352
0.310155 	0.749559
0.315158 	0.741765
0.32016 	0.733972
0.325163 	0.726179
0.330165 	0.718385
0.335168 	0.710592
0.34017 	0.702798
0.345173 	0.695005
0.350175 	0.687181
0.355178 	0.678524
0.36018 	0.669868
0.365183 	0.661211
0.370185 	0.652554
0.375188 	0.643898
0.38019 	0.635241
0.385193 	0.626584
0.390195 	0.617928
0.395198 	0.609271
0.4002 	0.600642
0.405203 	0.592661
0.410205 	0.584681
0.415208 	0.576701
0.42021 	0.56872
0.425213 	0.56074
0.430215 	0.55276
0.435218 	0.54478
0.44022 	0.536799
0.445223 	0.528819
0.450225 	0.52082
0.455228 	0.512427
0.46023 	0.504034
0.465233 	0.495641
0.470235 	0.487248
0.475238 	0.478855
0.48024 	0.470462
0.485243 	0.462069
0.490245 	0.453676
0.495248 	0.445283
0.50025 	0.436952
0.505253 	0.429819
0.510255 	0.422686
0.515258 	0.415552
0.52026 	0.408419
0.525263 	0.401285
0.530265 	0.394152
0.535268 	0.387019
0.54027 	0.379885
0.545273 	0.372752
0.550275 	0.36563
0.555278 	0.358702
0.56028 	0.351775
0.565283 	0.344848
0.570285 	0.337921
0.575288 	0.330993
0.58029 	0.324066
0.585293 	0.317139
0.590295 	0.310212
0.595298 	0.303284
0.6003 	0.296418
0.605303 	0.290512
0.610305 	0.284606
0.615308 	0.2787
0.62031 	0.272794
0.625313 	0.266888
0.630315 	0.260981
0.635318 	0.255075
0.64032 	0.249169
0.645323 	0.243263
0.650325 	0.237426
0.655328 	0.232584
0.66033 	0.227742
0.665333 	0.2229
0.670335 	0.218058
0.675338 	0.213216
0.68034 	0.208374
0.685343 	0.203532
0.690345 	0.19869
0.695348 	0.193848
0.70035 	0.189018
0.705353 	0.18435
0.710355 	0.179681
0.715358 	0.175012
0.72036 	0.170343
0.725363 	0.165675
0.730365 	0.161006
0.735368 	0.156337
0.74037 	0.151668
0.745373 	0.147
0.750375 	0.142468
0.755378 	0.139622
0.76038 	0.136777
0.765383 	0.133932
0.770385 	0.131086
0.775388 	0.128241
0.78039 	0.125395
0.785393 	0.12255
0.790395 	0.119705
0.795398 	0.116859
0.8004 	0.113962
0.805403 	0.110472
0.810405 	0.106981
0.815408 	0.10349
0.82041 	0.0999995
0.825413 	0.0965088
0.830415 	0.0930181
0.835418 	0.0895275
0.84042 	0.0860368
0.845423 	0.0825461
0.850425 	0.0792311
0.855428 	0.0778075
0.86043 	0.0763839
0.865433 	0.0749603
0.870435 	0.0735368
0.875438 	0.0721132
0.88044 	0.0706896
0.885443 	0.069266
0.890445 	0.0678424
0.895448 	0.0664188
0.90045 	0.0649097
0.905453 	0.0625351
0.910455 	0.0601605
0.915458 	0.0577859
0.92046 	0.0554113
0.925463 	0.0530367
0.930465 	0.0506621
0.935468 	0.0482875
0.94047 	0.0459129
0.945473 	0.0435383
0.950475 	0.0413255
0.955478 	0.0406538
0.96048 	0.0399821
0.965483 	0.0393103
0.970485 	0.0386386
0.975488 	0.0379669
0.98049 	0.0372952
0.985493 	0.0366235
0.990495 	0.0359517
0.995498 	0.03528
1.0005 	0.0345373
1.0055 	0.0331552
1.01051 	0.0317731
1.01551 	0.030391
1.02051 	0.029009
1.02551 	0.0276269
1.03052 	0.0262448
1.03552 	0.0248627
1.04052 	0.0234807
1.04552 	0.0220986
1.05053 	0.020818
1.05553 	0.020403
1.06053 	0.0199879
1.06553 	0.0195729
1.07054 	0.0191579
1.07554 	0.0187428
1.08054 	0.0183278
1.08554 	0.0179127
1.09055 	0.0174977
1.09555 	0.0170826
1.10055 	0.0166479
1.10555 	0.0160545
1.11056 	0.015461
1.11556 	0.0148675
1.12056 	0.014274
1.12556 	0.0136805
1.13057 	0.013087
1.13557 	0.0124935
1.14057 	0.0119
1.14557 	0.0113066
1.15058 	0.0107354
1.15558 	0.0103359
1.16058 	0.00993651
1.16558 	0.00953707
1.17059 	0.00913763
1.17559 	0.00873819
1.18059 	0.00833876
1.18559 	0.00793932
1.1906 	0.00753988
1.1956 	0.00714044
1.2006 	0.00677883
1.2056 	0.00669463
1.21061 	0.00661042
1.21561 	0.00652622
1.22061 	0.00644201
1.22561 	0.00635781
1.23062 	0.0062736
1.23562 	0.0061894
1.24062 	0.00610519
1.24562 	0.00602099
1.25063 	0.00589997
1.25563 	0.00552127
1.26063 	0.00514256
1.26563 	0.00476386
1.27064 	0.00438515
1.27564 	0.00400645
1.28064 	0.00362775
1.28564 	0.00324904
1.29065 	0.00287034
1.29565 	0.00249163
1.30065 	0.00217357
1.30565 	0.00226134
1.31066 	0.00234912
1.31566 	0.00243689
1.32066 	0.00252466
1.32566 	0.00261244
1.33067 	0.00270021
1.33567 	0.00278798
1.34067 	0.00287576
1.34567 	0.00296353
1.35068 	0.00301057
1.35568 	0.00279666
1.36068 	0.00258275
1.36568 	0.00236883
1.37069 	0.00215492
1.37569 	0.00194101
1.38069 	0.00172709
1.38569 	0.00151318
1.3907 	0.00129927
1.3957 	0.00108535
1.4007 	0.00090098
1.4057 	0.000898073
1.41071 	0.000895166
1.41571 	0.000892259
1.42071 	0.000889352
1.42571 	0.000886445
1.43072 	0.000883538
1.43572 	0.000880631
1.44072 	0.000877724
1.44572 	0.000874817
1.45073 	0.000873362
1.45573 	0.000880466
1.46073 	0.000887571
1.46573 	0.000894676
1.47074 	0.00090178
1.47574 	0.000908885
1.48074 	0.00091599
1.48574 	0.000923094
1.49075 	0.000930199
1.49575 	0.000937303
1.50075 	0.000926222
1.50575 	0.000812089
1.51076 	0.000697955
1.51576 	0.000583821
1.52076 	0.000469688
1.52576 	0.000355554
1.53077 	0.00024142
1.53577 	0.000127287
1.54077 	1.3153e-05
1.54577 	-0.000100981
1.55078 	-0.000183962
1.55578 	-9.71143e-05
1.56078 	-1.02665e-05
1.56578 	7.65813e-05
1.57079 	0.000163429
1.57579 	0.000250277
1.58079 	0.000337125
1.58579 	0.000423973
1.5908 	0.00051082
1.5958 	0.000597668
1.6008 	0.000658621
1.6058 	0.000583628
1.61081 	0.000508634
1.61581 	0.00043364
1.62081 	0.000358647
1.62581 	0.000283653
1.63082 	0.000208659
1.63582 	0.000133665
1.64082 	5.86718e-05
1.64582 	-1.63219e-05
1.65083 	-7.73862e-05
1.65583 	-6.79595e-05
1.66083 	-5.85327e-05
1.66583 	-4.9106e-05
1.67084 	-3.96792e-05
1.67584 	-3.02525e-05
1.68084 	-2.08257e-05
1.68584 	-1.13989e-05
1.69085 	-1.97218e-06
1.69585 	7.45457e-06
1.70085 	1.98815e-05
1.70585 	4.69565e-05
1.71086 	7.40315e-05
1.71586 	0.000101106
1.72086 	0.000128181
1.72586 	0.000155256
1.73087 	0.000182331
1.73587 	0.000209406
1.74087 	0.000236481
1.74587 	0.000263556
1.75088 	0.000276771
1.75588 	0.000224641
1.76088 	0.000172511
1.76588 	0.000120381
1.77089 	6.82515e-05
1.77589 	1.61217e-05
1.78089 	-3.6008e-05
1.78589 	-8.81378e-05
1.7909 	-0.000140268
1.7959 	-0.000192397
1.8009 	-0.000227702
1.8059 	-0.000186356
1.81091 	-0.00014501
1.81591 	-0.000103665
1.82091 	-6.23193e-05
1.82591 	-2.09737e-05
1.83092 	2.03719e-05
1.83592 	6.17175e-05
1.84092 	0.000103063
1.84592 	0.000144409
1.85093 	0.000174733
1.85593 	0.000156507
1.86093 	0.000138282
1.86593 	0.000120056
1.87094 	0.00010183
1.87594 	8.36036e-05
1.88094 	6.53776e-05
1.88594 	4.71516e-05
1.89095 	2.89257e-05
1.89595 	1.06997e-05
1.90095 	-5.80915e-06
1.90595 	-1.49976e-05
1.91096 	-2.41861e-05
1.91596 	-3.33746e-05
1.92096 	-4.25631e-05
1.92596 	-5.17516e-05
1.93097 	-6.09401e-05
1.93597 	-7.01286e-05
1.94097 	-7.93171e-05
1.94597 	-8.85056e-05
1.95098 	-9.12867e-05
1.95598 	-6.76166e-05
1.96098 	-4.39465e-05
1.96598 	-2.02764e-05
1.97099 	3.3937e-06
1.97599 	2.70638e-05
1.98099 	5.07339e-05
1.98599 	7.4404e-05
1.991 	9.80741e-05
1.996 	0.000121744
2.001 	0.000135938
2.006 	0.000112227
2.01101 	8.85158e-05
2.01601 	6.48047e-05
2.02101 	4.10935e-05
2.02601 	1.73824e-05
2.03102 	-6.32868e-06
2.03602 	-3.00398e-05
2.04102 	-5.37509e-05
2.04602 	-7.7462e-05
2.05103 	-9.39163e-05
2.05603 	-8.22283e-05
2.06103 	-7.05402e-05
2.06603 	-5.88522e-05
2.07104 	-4.71642e-05
2.07604 	-3.54761e-05
2.08104 	-2.37881e-05
2.08604 	-1.21e-05
2.09105 	-4.11981e-07
2.09605 	1.12761e-05
2.10105 	2.11697e-05
2.10605 	2.43129e-05
2.11106 	2.74562e-05
2.11606 	3.05994e-05
2.12106 	3.37426e-05
2.12606 	3.68859e-05
2.13107 	4.00291e-05
2.13607 	4.31723e-05
2.14107 	4.63156e-05
2.14607 	4.94588e-05
2.15108 	4.90769e-05
2.15608 	3.58244e-05
2.16108 	2.25719e-05
2.16608 	9.31937e-06
2.17109 	-3.93316e-06
2.17609 	-1.71857e-05
2.18109 	-3.04382e-05
2.18609 	-4.36907e-05
2.1911 	-5.69432e-05
2.1961 	-7.01958e-05
2.2011 	-7.74317e-05
2.2061 	-6.33359e-05
2.21111 	-4.92402e-05
2.21611 	-3.51444e-05
2.22111 	-2.10487e-05
2.22611 	-6.95291e-06
2.23112 	7.14284e-06
2.23612 	2.12386e-05
2.24112 	3.53343e-05
2.24612 	4.94301e-05
2.25113 	5.88233e-05
2.25613 	5.20186e-05
2.26113 	4.5214e-05
2.26613 	3.84094e-05
2.27114 	3.16048e-05
2.27614 	2.48002e-05
2.28114 	1.79956e-05
2.28614 	1.11909e-05
2.29115 	4.38631e-06
2.29615 	-2.41831e-06
2.30115 	-8.44414e-06
2.30615 	-1.18627e-05
2.31116 	-1.52813e-05
2.31616 	-1.86999e-05
2.32116 	-2.21185e-05
2.32616 	-2.55371e-05
2.33117 	-2.89557e-05
2.33617 	-3.23743e-05
2.34117 	-3.57929e-05
2.34617 	-3.92114e-05
2.35118 	-3.94912e-05
2.35618 	-2.95528e-05
2.36118 	-1.96145e-05
2.36618 	-9.67613e-06
2.37119 	2.62205e-07
2.37619 	1.02005e-05
2.38119 	2.01389e-05
2.38619 	3.00772e-05
2.3912 	4.00156e-05
2.3962 	4.99539e-05
2.4012 	5.53699e-05
2.4062 	4.6465e-05
2.41121 	3.75602e-05
2.41621 	2.86553e-05
2.42121 	1.97504e-05
2.42621 	1.08456e-05
2.43122 	1.94072e-06
2.43622 	-6.96414e-06
2.44122 	-1.5869e-05
2.44622 	-2.47739e-05
2.45123 	-3.10674e-05
2.45623 	-2.9314e-05
2.46123 	-2.75606e-05
2.46623 	-2.58072e-05
2.47124 	-2.40537e-05
2.47624 	-2.23003e-05
2.48124 	-2.05469e-05
2.48624 	-1.87935e-05
2.49125 	-1.704e-05
2.49625 	-1.52866e-05
2.50125 	-1.25429e-05
2.50625 	-6.82828e-06
2.51126 	-1.11368e-06
2.51626 	4.60093e-06
2.52126 	1.03155e-05
2.52626 	1.60301e-05
2.53127 	2.17447e-05
2.53627 	2.74593e-05
2.54127 	3.31739e-05
2.54627 	3.88886e-05
2.55128 	4.11612e-05
2.55628 	3.33779e-05
2.56128 	2.55946e-05
2.56628 	1.78114e-05
2.57129 	1.00281e-05
2.57629 	2.24481e-06
2.58129 	-5.53846e-06
2.58629 	-1.33217e-05
2.5913 	-2.1105e-05
2.5963 	-2.88883e-05
2.6013 	-3.37674e-05
2.6063 	-3.03806e-05
2.61131 	-2.69939e-05
2.61631 	-2.36072e-05
2.62131 	-2.02205e-05
2.62631 	-1.68337e-05
2.63132 	-1.3447e-05
2.63632 	-1.00603e-05
2.64132 	-6.67355e-06
2.64632 	-3.28683e-06
2.65133 	3.14935e-08
2.65633 	3.16008e-06
2.66133 	6.28867e-06
2.66633 	9.41726e-06
2.67134 	1.25458e-05
2.67634 	1.56744e-05
2.68134 	1.8803e-05
2.68634 	2.19316e-05
2.69135 	2.50602e-05
2.69635 	2.81888e-05
2.70135 	2.88536e-05
2.70635 	2.28572e-05
2.71136 	1.68608e-05
2.71636 	1.08644e-05
2.72136 	4.86797e-06
2.72636 	-1.12844e-06
2.73137 	-7.12485e-06
2.73637 	-1.31213e-05
2.74137 	-1.91177e-05
2.74637 	-2.51141e-05
2.75138 	-2.85761e-05
2.75638 	-2.53564e-05
2.76138 	-2.21368e-05
2.76638 	-1.89172e-05
2.77139 	-1.56975e-05
2.77639 	-1.24779e-05
2.78139 	-9.25823e-06
2.78639 	-6.03859e-06
2.7914 	-2.81895e-06
2.7964 	4.00694e-07
2.8014 	3.25605e-06
2.8064 	5.17468e-06
2.81141 	7.09331e-06
2.81641 	9.01194e-06
2.82141 	1.09306e-05
2.82641 	1.28492e-05
2.83142 	1.47678e-05
2.83642 	1.66865e-05
2.84142 	1.86051e-05
2.84642 	2.05237e-05
2.85143 	2.06422e-05
2.85643 	1.62443e-05
2.86143 	1.18465e-05
2.86643 	7.44872e-06
2.87144 	3.05091e-06
2.87644 	-1.3469e-06
2.88144 	-5.74471e-06
2.88644 	-1.01425e-05
2.89145 	-1.45403e-05
2.89645 	-1.89381e-05
2.90145 	-2.13701e-05
2.90645 	-1.89892e-05
2.91146 	-1.66083e-05
2.91646 	-1.42274e-05
2.92146 	-1.18464e-05
2.92646 	-9.46551e-06
2.93147 	-7.08459e-06
2.93647 	-4.70367e-06
2.94147 	-2.32275e-06
2.94647 	5.81765e-08
2.95148 	2.16087e-06
2.95648 	3.59865e-06
2.96148 	5.03644e-06
2.96648 	6.47422e-06
2.97149 	7.912e-06
2.97649 	9.34978e-06
2.98149 	1.07876e-05
2.98649 	1.22253e-05
2.9915 	1.36631e-05
2.9965 	1.51009e-05
3.0015 	1.51776e-05
3.0065 	1.20785e-05
3.01151 	8.97941e-06
3.01651 	5.8803e-06
3.02151 	2.7812e-06
3.02651 	-3.17912e-07
3.03152 	-3.41702e-06
3.03652 	-6.51613e-06
3.04152 	-9.61524e-06
3.04652 	-1.27143e-05
3.05153 	-1.4423e-05
3.05653 	-1.29634e-05
3.06153 	-1.15038e-05
3.06653 	-1.00441e-05
3.07154 	-8.58447e-06
3.07654 	-7.12483e-06
3.08154 	-5.66519e-06
3.08654 	-4.20555e-06
3.09155 	-2.7459e-06
3.09655 	-1.28626e-06
3.10155 	8.82173e-08
3.10655 	1.27315e-06
3.11156 	2.45808e-06
3.11656 	3.64301e-06
3.12156 	4.82794e-06
3.12656 	6.01287e-06
3.13157 	7.1978e-06
3.13657 	8.38273e-06
3.14157 	9.56766e-06
3.14657 	1.07526e-05
3.15158 	1.09165e-05
3.15658 	8.86009e-06
3.16158 	6.80369e-06
3.16658 	4.74728e-06
3.17159 	2.69087e-06
3.17659 	6.34463e-07
3.18159 	-1.42194e-06
3.18659 	-3.47835e-06
3.1916 	-5.53476e-06
3.1966 	-7.59117e-06
3.2016 	-8.748e-06
3.2066 	-7.99326e-06
3.21161 	-7.23852e-06
3.21661 	-6.48377e-06
3.22161 	-5.72903e-06
3.22661 	-4.97428e-06
3.23162 	-4.21954e-06
3.23662 	-3.46479e-06
3.24162 	-2.71005e-06
3.24662 	-1.9553e-06
3.25163 	-1.14782e-06
3.25663 	-2.30803e-07
3.26163 	6.86214e-07
3.26663 	1.60323e-06
3.27164 	2.52025e-06
3.27664 	3.43727e-06
3.28164 	4.35428e-06
3.28664 	5.2713e-06
3.29165 	6.18832e-06
3.29665 	7.10534e-06
3.30165 	7.29379e-06
3.30665 	6.00304e-06
3.31166 	4.71229e-06
3.31666 	3.42155e-06
3.32166 	2.1308e-06
3.32666 	8.4005e-07
3.33167 	-4.50698e-07
3.33667 	-1.74145e-06
3.34167 	-3.03219e-06
3.34667 	-4.32294e-06
3.35168 	-5.05243e-06
3.35668 	-4.66777e-06
3.36168 	-4.28311e-06
3.36668 	-3.89846e-06
3.37169 	-3.5138e-06
3.37669 	-3.12914e-06
3.38169 	-2.74448e-06
3.38669 	-2.35983e-06
3.3917 	-1.97517e-06
3.3967 	-1.59051e-06
3.4017 	-1.11842e-06
3.4067 	-4.76611e-07
3.41171 	1.65198e-07
3.41671 	8.07008e-07
3.42171 	1.44882e-06
3.42671 	2.09063e-06
3.43172 	2.73244e-06
3.43672 	3.37424e-06
3.44172 	4.01605e-06
3.44672 	4.65786e-06
3.45173 	4.77774e-06
3.45673 	3.9067e-06
3.46173 	3.03565e-06
3.46673 	2.16461e-06
3.47174 	1.29357e-06
3.47674 	4.22525e-07
3.48174 	-4.48517e-07
3.48674 	-1.31956e-06
3.49175 	-2.1906e-06
3.49675 	-3.06165e-06
3.50175 	-3.53208e-06
3.50675 	-3.25855e-06
3.51176 	-2.98501e-06
3.51676 	-2.71147e-06
3.52176 	-2.43793e-06
3.52676 	-2.1644e-06
3.53177 	-1.89086e-06
3.53677 	-1.61732e-06
3.54177 	-1.34378e-06
3.54677 	-1.07025e-06
3.55178 	-7.08003e-07
3.55678 	-1.84593e-07
3.56178 	3.38818e-07
3.56678 	8.62229e-07
3.57179 	1.38564e-06
3.57679 	1.90905e-06
3.58179 	2.43246e-06
3.58679 	2.95587e-06
3.5918 	3.47928e-06
3.5968 	4.00269e-06
3.6018 	4.06321e-06
3.6068 	3.30081e-06
3.61181 	2.53841e-06
3.61681 	1.77601e-06
3.62181 	1.01361e-06
3.62681 	2.5121e-07
3.63182 	-5.11191e-07
3.63682 	-1.27359e-06
3.64182 	-2.03599e-06
3.64682 	-2.79839e-06
3.65183 	-3.22328e-06
3.65683 	-3.06098e-06
3.66183 	-2.89868e-06
3.66683 	-2.73639e-06
3.67184 	-2.57409e-06
3.67684 	-2.41179e-06
3.68184 	-2.2495e-06
3.68684 	-2.0872e-06
3.69185 	-1.9249e-06
3.69685 	-1.76261e-06
3.70185 	-1.41402e-06
3.70685 	-7.48231e-07
3.71186 	-8.24431e-08
3.71686 	5.83345e-07
3.72186 	1.24913e-06
3.72686 	1.91492e-06
3.73187 	2.58071e-06
3.73687 	3.2465e-06
3.74187 	3.91229e-06
3.74687 	4.57807e-06
3.75188 	4.73082e-06
3.75688 	4.0285e-06
3.76188 	3.32617e-06
3.76688 	2.62385e-06
3.77189 	1.92152e-06
3.77689 	1.2192e-06
3.78189 	5.16877e-07
3.78689 	-1.85447e-07
3.7919 	-8.87772e-07
3.7969 	-1.5901e-06
3.8019 	-2.10084e-06
3.8069 	-2.29902e-06
3.81191 	-2.49719e-06
3.81691 	-2.69536e-06
3.82191 	-2.89353e-06
3.82691 	-3.09171e-06
3.83192 	-3.28988e-06
3.83692 	-3.48805e-06
3.84192 	-3.68623e-06
3.84692 	-3.8844e-06
3.85193 	-3.66891e-06
3.85693 	-2.79265e-06
3.86193 	-1.91638e-06
3.86693 	-1.04012e-06
3.87194 	-1.63855e-07
3.87694 	7.1241e-07
3.88194 	1.58867e-06
3.88694 	2.46494e-06
3.89195 	3.3412e-06
3.89695 	4.21747e-06
3.90195 	4.622e-06
3.90695 	4.28871e-06
3.91196 	3.95541e-06
3.91696 	3.62211e-06
3.92196 	3.28881e-06
3.92696 	2.95552e-06
3.93197 	2.62222e-06
3.93697 	2.28892e-06
3.94197 	1.95562e-06
3.94697 	1.62233e-06
3.95198 	1.13881e-06
3.95698 	4.25219e-07
3.96198 	-2.88373e-07
3.96698 	-1.00197e-06
3.97199 	-1.71556e-06
3.97699 	-2.42915e-06
3.98199 	-3.14275e-06
3.98699 	-3.85634e-06
3.992 	-4.56993e-06
3.997 	-5.28352e-06
4.002 	-5.42623e-06
4.007 	-4.7126e-06
4.01201 	-3.99897e-06
4.01701 	-3.28534e-06
4.02201 	-2.57171e-06
4.02701 	-1.85808e-06
4.03202 	-1.14446e-06
4.03702 	-4.30827e-07
4.04202 	2.82802e-07
4.04702 	9.9643e-07
4.05203 	1.56962e-06
4.05703 	1.93648e-06
4.06203 	2.30334e-06
4.06703 	2.67019e-06
4.07204 	3.03705e-06
4.07704 	3.40391e-06
4.08204 	3.77077e-06
4.08704 	4.13763e-06
4.09205 	4.50449e-06
4.09705 	4.87135e-06
4.10205 	4.73162e-06
4.10705 	3.86289e-06
4.11206 	2.99415e-06
4.11706 	2.12542e-06
4.12206 	1.25669e-06
4.12706 	3.87961e-07
4.13207 	-4.80771e-07
4.13707 	-1.3495e-06
4.14207 	-2.21823e-06
4.14707 	-3.08696e-06
4.15208 	-3.59289e-06
4.15708 	-3.5874e-06
4.16208 	-3.5819e-06
4.16708 	-3.5764e-06
4.17209 	-3.57091e-06
4.17709 	-3.56541e-06
4.18209 	-3.55991e-06
4.18709 	-3.55442e-06
4.1921 	-3.54892e-06
4.1971 	-3.54343e-06
4.2021 	-3.19184e-06
4.2071 	-2.36231e-06
4.21211 	-1.53278e-06
4.21711 	-7.03257e-07
4.22211 	1.26269e-07
4.22711 	9.55796e-07
4.23212 	1.78532e-06
4.23712 	2.61485e-06
4.24212 	3.44438e-06
4.24712 	4.2739e-06
4.25213 	4.62368e-06
4.25713 	4.32437e-06
4.26213 	4.02507e-06
4.26713 	3.72576e-06
4.27214 	3.42646e-06
4.27714 	3.12715e-06
4.28214 	2.82785e-06
4.28714 	2.52854e-06
4.29215 	2.22924e-06
4.29715 	1.92993e-06
4.30215 	1.46991e-06
4.30715 	7.96849e-07
4.31216 	1.23785e-07
4.31716 	-5.49279e-07
4.32216 	-1.22234e-06
4.32716 	-1.89541e-06
4.33217 	-2.56847e-06
4.33717 	-3.24153e-06
4.34217 	-3.9146e-06
4.34717 	-4.58766e-06
4.35218 	-4.76187e-06
4.35718 	-4.28813e-06
4.36218 	-3.81438e-06
4.36718 	-3.34064e-06
4.37219 	-2.8669e-06
4.37719 	-2.39316e-06
4.38219 	-1.91942e-06
4.38719 	-1.44568e-06
4.3922 	-9.71939e-07
4.3972 	-4.98198e-07
4.4022 	-2.30811e-08
4.4072 	4.53787e-07
4.41221 	9.30654e-07
4.41721 	1.40752e-06
4.42221 	1.88439e-06
4.42721 	2.36126e-06
4.43222 	2.83812e-06
4.43722 	3.31499e-06
4.44222 	3.79186e-06
4.44722 	4.26873e-06
4.45223 	4.29592e-06
4.45723 	3.76229e-06
4.46223 	3.22865e-06
4.46723 	2.69502e-06
4.47224 	2.16138e-06
4.47724 	1.62775e-06
4.48224 	1.09411e-06
4.48724 	5.60478e-07
4.49225 	2.68434e-08
4.49725 	-5.06791e-07
4.50225 	-9.33638e-07
4.50725 	-1.22997e-06
4.51226 	-1.5263e-06
4.51726 	-1.82262e-06
4.52226 	-2.11895e-06
4.52726 	-2.41528e-06
4.53227 	-2.71161e-06
4.53727 	-3.00794e-06
4.54227 	-3.30427e-06
4.54727 	-3.60059e-06
4.55228 	-3.53185e-06
4.55728 	-3.02583e-06
4.56228 	-2.5198e-06
4.56728 	-2.01377e-06
4.57229 	-1.50775e-06
4.57729 	-1.00172e-06
4.58229 	-4.95693e-07
4.58729 	1.0333e-08
4.5923 	5.16359e-07
4.5973 	1.02239e-06
4.6023 	1.36938e-06
4.6073 	1.52968e-06
4.61231 	1.68998e-06
4.61731 	1.85029e-06
4.62231 	2.01059e-06
4.62731 	2.17089e-06
4.63232 	2.3312e-06
4.63732 	2.4915e-06
4.64232 	2.6518e-06
4.64732 	2.8121e-06
4.65233 	2.70163e-06
4.65733 	2.27962e-06
4.66233 	1.85761e-06
4.66733 	1.4356e-06
4.67234 	1.01358e-06
4.67734 	5.91573e-07
4.68234 	1.69561e-07
4.68734 	-2.5245e-07
4.69235 	-6.74462e-07
4.69735 	-1.09647e-06
4.70235 	-1.35596e-06
4.70735 	-1.43216e-06
4.71236 	-1.50836e-06
4.71736 	-1.58456e-06
4.72236 	-1.66077e-06
4.72736 	-1.73697e-06
4.73237 	-1.81317e-06
4.73737 	-1.88938e-06
4.74237 	-1.96558e-06
4.74737 	-2.04178e-06
4.75238 	-1.9361e-06
4.75738 	-1.62937e-06
4.76238 	-1.32265e-06
4.76738 	-1.01592e-06
4.77239 	-7.09198e-07
4.77739 	-4.02474e-07
4.78239 	-9.57495e-08
4.78739 	2.10975e-07
4.7924 	5.17699e-07
4.7974 	8.24424e-07
4.8024 	1.00197e-06
4.8074 	1.03958e-06
4.81241 	1.07719e-06
4.81741 	1.11479e-06
4.82241 	1.1524e-06
4.82741 	1.19001e-06
4.83242 	1.22761e-06
4.83742 	1.26522e-06
4.84242 	1.30283e-06
4.84742 	1.34043e-06
4.85243 	1.27441e-06
4.85743 	1.09834e-06
4.86243 	9.22275e-07
4.86743 	7.46209e-07
4.87244 	5.70143e-07
4.87744 	3.94077e-07
4.88244 	2.18011e-07
4.88744 	4.19448e-08
4.89245 	-1.34121e-07
4.89745 	-3.10187e-07
4.90245 	-4.14975e-07
4.90745 	-4.45574e-07
4.91246 	-4.76173e-07
4.91746 	-5.06773e-07
4.92246 	-5.37372e-07
4.92746 	-5.67971e-07
4.93247 	-5.9857e-07
4.93747 	-6.2917e-07
4.94247 	-6.59769e-07
4.94747 	-6.90368e-07
4.95248 	-6.87174e-07
4.95748 	-6.49503e-07
4.96248 	-6.11832e-07
4.96748 	-5.74161e-07
4.97249 	-5.3649e-07
4.97749 	-4.98819e-07
4.98249 	-4.61148e-07
4.98749 	-4.23478e-07
4.9925 	-3.85807e-07
4.9975 	-3.48136e-07
5.0025 	-3.10465e-07
5.0075 	-2.72794e-07
5.01251 	-2.35123e-07
5.01751 	-1.97452e-07
5.02251 	-1.59781e-07
5.02751 	-1.22111e-07
5.03252 	-8.44397e-08
5.03752 	-4.67688e-08
5.04252 	-9.09792e-09
5.04752 	2.8573e-08
5.05253 	1.0072e-07
5.05753 	2.06661e-07
5.06253 	3.12602e-07
5.06753 	4.18543e-07
5.07254 	5.24484e-07
5.07754 	6.30425e-07
5.08254 	7.36366e-07
5.08754 	8.42307e-07
5.09255 	9.48248e-07
5.09755 	1.05419e-06
5.10255 	1.08594e-06
5.10755 	1.04642e-06
5.11256 	1.00689e-06
5.11756 	9.67365e-07
5.12256 	9.27839e-07
5.12756 	8.88313e-07
5.13257 	8.48787e-07
5.13757 	8.09261e-07
5.14257 	7.69735e-07
5.14757 	7.30209e-07
5.15258 	5.80642e-07
5.15758 	3.27443e-07
5.16258 	7.42447e-08
5.16758 	-1.78954e-07
5.17259 	-4.32153e-07
5.17759 	-6.85351e-07
5.18259 	-9.3855e-07
5.18759 	-1.19175e-06
5.1926 	-1.44495e-06
5.1976 	-1.69815e-06
5.2026 	-1.8114e-06
5.2076 	-1.79548e-06
5.21261 	-1.77957e-06
5.21761 	-1.76365e-06
5.22261 	-1.74773e-06
5.22761 	-1.73181e-06
5.23262 	-1.71589e-06
5.23762 	-1.69997e-06
5.24262 	-1.68405e-06
5.24762 	-1.66813e-06
5.25263 	-1.45118e-06
5.25763 	-1.05233e-06
5.26263 	-6.53484e-07
5.26763 	-2.54637e-07
5.27264 	1.4421e-07
5.27764 	5.43056e-07
5.28264 	9.41903e-07
5.28764 	1.34075e-06
5.29265 	1.7396e-06
5.29765 	2.13844e-06
5.30265 	2.35401e-06
5.30765 	2.40705e-06
5.31266 	2.46009e-06
5.31766 	2.51313e-06
5.32266 	2.56616e-06
5.32766 	2.6192e-06
5.33267 	2.67224e-06
5.33767 	2.72528e-06
5.34267 	2.77832e-06
5.34767 	2.83135e-06
5.35268 	2.57285e-06
5.35768 	2.04358e-06
5.36268 	1.5143e-06
5.36768 	9.85025e-07
5.37269 	4.55748e-07
5.37769 	-7.35278e-08
5.38269 	-6.02804e-07
5.38769 	-1.13208e-06
5.3927 	-1.66136e-06
5.3977 	-2.19063e-06
5.4027 	-2.53322e-06
5.4077 	-2.71677e-06
5.41271 	-2.90032e-06
5.41771 	-3.08388e-06
5.42271 	-3.26743e-06
5.42771 	-3.45098e-06
5.43272 	-3.63453e-06
5.43772 	-3.81809e-06
5.44272 	-4.00164e-06
5.44772 	-4.18519e-06
5.45273 	-3.93146e-06
5.45773 	-3.31266e-06
5.46273 	-2.69386e-06
5.46773 	-2.07506e-06
5.47274 	-1.45625e-06
5.47774 	-8.37451e-07
5.48274 	-2.18649e-07
5.48774 	4.00153e-07
5.49275 	1.01896e-06
5.49775 	1.63776e-06
5.50275 	2.12604e-06
5.50775 	2.50754e-06
5.51276 	2.88903e-06
5.51776 	3.27053e-06
5.52276 	3.65203e-06
5.52776 	4.03352e-06
5.53277 	4.41502e-06
5.53777 	4.79651e-06
5.54277 	5.17801e-06
5.54777 	5.5595e-06
5.55278 	5.38017e-06
5.55778 	4.75116e-06
5.56278 	4.12216e-06
5.56778 	3.49315e-06
5.57279 	2.86415e-06
5.57779 	2.23514e-06
5.58279 	1.60613e-06
5.58779 	9.77125e-07
5.5928 	3.48119e-07
5.5978 	-2.80888e-07
5.6028 	-9.11645e-07
5.6078 	-1.54378e-06
5.61281 	-2.17591e-06
5.61781 	-2.80805e-06
5.62281 	-3.44018e-06
5.62781 	-4.07231e-06
5.63282 	-4.70445e-06
5.63782 	-5.33658e-06
5.64282 	-5.96871e-06
5.64782 	-6.60085e-06
5.65283 	-6.58503e-06
5.65783 	-6.07036e-06
5.66283 	-5.55569e-06
5.66783 	-5.04102e-06
5.67284 	-4.52635e-06
5.67784 	-4.01168e-06
5.68284 	-3.497e-06
5.68784 	-2.98233e-06
5.69285 	-2.46766e-06
5.69785 	-1.95299e-06
5.70285 	-1.22528e-06
5.70785 	-3.36845e-07
5.71286 	5.51586e-07
5.71786 	1.44002e-06
5.72286 	2.32845e-06
5.72786 	3.21688e-06
5.73287 	4.10531e-06
5.73787 	4.99374e-06
5.74287 	5.88217e-06
5.74787 	6.7706e-06
5.75288 	7.00995e-06
5.75788 	6.76955e-06
5.76288 	6.52915e-06
5.76788 	6.28875e-06
5.77289 	6.04835e-06
5.77789 	5.80795e-06
5.78289 	5.56755e-06
5.78789 	5.32715e-06
5.7929 	5.08675e-06
5.7979 	4.84635e-06
5.8029 	4.12801e-06
5.8079 	3.06358e-06
5.81291 	1.99915e-06
5.81791 	9.3472e-07
5.82291 	-1.29711e-07
5.82791 	-1.19414e-06
5.83292 	-2.25857e-06
5.83792 	-3.323e-06
5.84292 	-4.38743e-06
5.84792 	-5.45187e-06
5.85293 	-6.00487e-06
5.85793 	-6.19508e-06
5.86293 	-6.38528e-06
5.86793 	-6.57548e-06
5.87294 	-6.76569e-06
5.87794 	-6.95589e-06
5.88294 	-7.14609e-06
5.88794 	-7.3363e-06
5.89295 	-7.5265e-06
5.89795 	-7.7167e-06
5.90295 	-7.17791e-06
5.90795 	-6.13252e-06
5.91296 	-5.08714e-06
5.91796 	-4.04175e-06
5.92296 	-2.99636e-06
5.92796 	-1.95098e-06
5.93297 	-9.05588e-07
5.93797 	1.39799e-07
5.94297 	1.18519e-06
5.94797 	2.23057e-06
5.95298 	3.06963e-06
5.95798 	3.76825e-06
5.96298 	4.46687e-06
5.96798 	5.16548e-06
5.97299 	5.8641e-06
5.97799 	6.56272e-06
5.98299 	7.26134e-06
5.98799 	7.95995e-06
5.993 	8.65857e-06
5.998 	9.35719e-06
6.003 	9.19947e-06
6.008 	8.47087e-06
6.01301 	7.74226e-06
6.01801 	7.01366e-06
6.02301 	6.28505e-06
6.02801 	5.55645e-06
6.03302 	4.82785e-06
6.03802 	4.09924e-06
6.04302 	3.37064e-06
6.04802 	2.64203e-06
6.05303 	1.68335e-06
6.05803 	5.7445e-07
6.06303 	-5.3445e-07
6.06803 	-1.64335e-06
6.07304 	-2.75225e-06
6.07804 	-3.86115e-06
6.08304 	-4.97005e-06
6.08804 	-6.07895e-06
6.09305 	-7.18785e-06
6.09805 	-8.29675e-06
6.10305 	-8.66782e-06
6.10805 	-8.56715e-06
6.11306 	-8.46649e-06
6.11806 	-8.36583e-06
6.12306 	-8.26517e-06
6.12806 	-8.1645e-06
6.13307 	-8.06384e-06
6.13807 	-7.96318e-06
6.14307 	-7.86252e-06
6.14807 	-7.76185e-06
6.15308 	-7.00041e-06
6.15808 	-5.82531e-06
6.16308 	-4.65021e-06
6.16808 	-3.47511e-06
6.17309 	-2.30001e-06
6.17809 	-1.12491e-06
6.18309 	5.01862e-08
6.18809 	1.22529e-06
6.1931 	2.40039e-06
6.1981 	3.57549e-06
6.2031 	4.43801e-06
6.2081 	5.10896e-06
6.21311 	5.77991e-06
6.21811 	6.45086e-06
6.22311 	7.12181e-06
6.22811 	7.79276e-06
6.23312 	8.4637e-06
6.23812 	9.13465e-06
6.24312 	9.8056e-06
6.24812 	1.04766e-05
6.25313 	1.02924e-05
6.25813 	9.59527e-06
6.26313 	8.8981e-06
6.26813 	8.20094e-06
6.27314 	7.50377e-06
6.27814 	6.80661e-06
6.28314 	6.10945e-06
6.28814 	5.41228e-06
6.29315 	4.71512e-06
6.29815 	4.01796e-06
6.30315 	3.00359e-06
6.30815 	1.80294e-06
6.31316 	6.02282e-07
6.31816 	-5.98373e-07
6.32316 	-1.79903e-06
6.32816 	-2.99968e-06
6.33317 	-4.20034e-06
6.33817 	-5.40099e-06
6.34317 	-6.60165e-06
6.34817 	-7.8023e-06
6.35318 	-8.41578e-06
6.35818 	-8.69174e-06
6.36318 	-8.96769e-06
6.36818 	-9.24365e-06
6.37319 	-9.51961e-06
6.37819 	-9.79557e-06
6.38319 	-1.00715e-05
6.38819 	-1.03475e-05
6.3932 	-1.06234e-05
6.3982 	-1.08994e-05
6.4032 	-1.03524e-05
6.4082 	-9.34259e-06
6.41321 	-8.33273e-06
6.41821 	-7.32288e-06
6.42321 	-6.31303e-06
6.42821 	-5.30318e-06
6.43322 	-4.29332e-06
6.43822 	-3.28347e-06
6.44322 	-2.27362e-06
6.44822 	-1.26376e-06
6.45323 	-9.27433e-08
6.45823 	1.16698e-06
6.46323 	2.42671e-06
6.46823 	3.68643e-06
6.47324 	4.94616e-06
6.47824 	6.20589e-06
6.48324 	7.46561e-06
6.48824 	8.72534e-06
6.49325 	9.98506e-06
6.49825 	1.12448e-05
6.50325 	1.17605e-05
6.50825 	1.18757e-05
6.51326 	1.19908e-05
6.51826 	1.2106e-05
6.52326 	1.22211e-05
6.52826 	1.23363e-05
6.53327 	1.24514e-05
6.53827 	1.25666e-05
6.54327 	1.26817e-05
6.54827 	1.27969e-05
6.55328 	1.19211e-05
6.55828 	1.05234e-05
6.56328 	9.12567e-06
6.56828 	7.72796e-06
6.57329 	6.33025e-06
6.57829 	4.93255e-06
6.58329 	3.53484e-06
6.58829 	2.13713e-06
6.5933 	7.39428e-07
6.5983 	-6.58278e-07
6.6033 	-2.2257e-06
6.6083 	-3.88056e-06
6.61331 	-5.53542e-06
6.61831 	-7.19028e-06
6.62331 	-8.84514e-06
6.62831 	-1.05e-05
6.63332 	-1.21549e-05
6.63832 	-1.38097e-05
6.64332 	-1.54646e-05
6.64832 	-1.71194e-05
6.65333 	-1.76601e-05
6.65833 	-1.76396e-05
6.66333 	-1.7619e-05
6.66833 	-1.75985e-05
6.67334 	-1.75779e-05
6.67834 	-1.75574e-05
6.68334 	-1.75368e-05
6.68834 	-1.75163e-05
6.69335 	-1.74958e-05
6.69835 	-1.74752e-05
6.70335 	-1.59755e-05
6.70835 	-1.37471e-05
6.71336 	-1.15188e-05
6.71836 	-9.29051e-06
6.72336 	-7.0622e-06
6.72836 	-4.83388e-06
6.73337 	-2.60557e-06
6.73837 	-3.77257e-07
6.74337 	1.85106e-06
6.74837 	4.07937e-06
6.75338 	6.41722e-06
6.75838 	8.8078e-06
6.76338 	1.11984e-05
6.76838 	1.3589e-05
6.77339 	1.59796e-05
6.77839 	1.83702e-05
6.78339 	2.07607e-05
6.78839 	2.31513e-05
6.7934 	2.55419e-05
6.7984 	2.79325e-05
6.8034 	2.84115e-05
6.8084 	2.79909e-05
6.81341 	2.75704e-05
6.81841 	2.71498e-05
6.82341 	2.67292e-05
6.82841 	2.63087e-05
6.83342 	2.58881e-05
6.83842 	2.54675e-05
6.84342 	2.5047e-05
6.84842 	2.46264e-05
6.85343 	2.19855e-05
6.85843 	1.83236e-05
6.86343 	1.46617e-05
6.86843 	1.09998e-05
6.87344 	7.33792e-06
6.87844 	3.67601e-06
6.88344 	1.41102e-08
6.88844 	-3.64779e-06
6.89345 	-7.3097e-06
6.89845 	-1.09716e-05
6.90345 	-1.4444e-05
6.90845 	-1.78311e-05
6.91346 	-2.12183e-05
6.91846 	-2.46055e-05
6.92346 	-2.79927e-05
6.92846 	-3.13799e-05
6.93347 	-3.47671e-05
6.93847 	-3.81543e-05
6.94347 	-4.15415e-05
6.94847 	-4.49287e-05
6.95348 	-4.51475e-05
6.95848 	-4.3976e-05
6.96348 	-4.28044e-05
6.96848 	-4.16329e-05
6.97349 	-4.04613e-05
6.97849 	-3.92898e-05
6.98349 	-3.81182e-05
6.98849 	-3.69466e-05
6.9935 	-3.57751e-05
6.9985 	-3.46035e-05
7.0035 	-3.02561e-05
7.0085 	-2.45477e-05
7.01351 	-1.88393e-05
7.01851 	-1.31308e-05
7.02351 	-7.42236e-06
7.02851 	-1.71391e-06
7.03352 	3.99454e-06
7.03852 	9.70299e-06
7.04352 	1.54114e-05
7.04852 	2.11199e-05
7.05353 	2.61634e-05
7.05853 	3.09287e-05
7.06353 	3.5694e-05
7.06853 	4.04593e-05
7.07354 	4.52247e-05
7.07854 	4.999e-05
7.08354 	5.47553e-05
7.08854 	5.95206e-05
7.09355 	6.42859e-05
7.09855 	6.90512e-05
7.10355 	6.90036e-05
7.10855 	6.69902e-05
7.11356 	6.49767e-05
7.11856 	6.29633e-05
7.12356 	6.09499e-05
7.12856 	5.89365e-05
7.13357 	5.69231e-05
7.13857 	5.49096e-05
7.14357 	5.28962e-05
7.14857 	5.08828e-05
7.15358 	4.43531e-05
7.15858 	3.60232e-05
7.16358 	2.76934e-05
7.16858 	1.93635e-05
7.17359 	1.10336e-05
7.17859 	2.70377e-06
7.18359 	-5.62609e-06
7.18859 	-1.3956e-05
7.1936 	-2.22858e-05
7.1986 	-3.06157e-05
7.2036 	-3.80088e-05
7.2086 	-4.50377e-05
7.21361 	-5.20665e-05
7.21861 	-5.90954e-05
7.22361 	-6.61242e-05
7.22861 	-7.31531e-05
7.23362 	-8.01819e-05
7.23862 	-8.72108e-05
7.24362 	-9.42396e-05
7.24862 	-0.000101268
7.25363 	-0.000101616
7.25863 	-9.94285e-05
7.26363 	-9.72413e-05
7.26863 	-9.50541e-05
7.27364 	-9.28669e-05
7.27864 	-9.06797e-05
7.28364 	-8.84925e-05
7.28864 	-8.63052e-05
7.29365 	-8.4118e-05
7.29865 	-8.19308e-05
7.30365 	-7.30824e-05
7.30865 	-6.17702e-05
7.31366 	-5.0458e-05
7.31866 	-3.91458e-05
7.32366 	-2.78336e-05
7.32866 	-1.65213e-05
7.33367 	-5.20914e-06
7.33867 	6.10306e-06
7.34367 	1.74153e-05
7.34867 	2.87275e-05
7.35368 	3.985e-05
7.35868 	5.0904e-05
7.36368 	6.19581e-05
7.36868 	7.30122e-05
7.37369 	8.40662e-05
7.37869 	9.51203e-05
7.38369 	0.000106174
7.38869 	0.000117228
7.3937 	0.000128282
7.3987 	0.000139337
7.4037 	0.000142125
7.4087 	0.000142009
7.41371 	0.000141893
7.41871 	0.000141777
7.42371 	0.000141661
7.42871 	0.000141545
7.43372 	0.000141429
7.43872 	0.000141313
7.44372 	0.000141197
7.44872 	0.000141081
7.45373 	0.00013091
7.45873 	0.000117296
7.46373 	0.000103682
7.46873 	9.00681e-05
7.47374 	7.64543e-05
7.47874 	6.28405e-05
7.48374 	4.92267e-05
7.48874 	3.56129e-05
7.49375 	2.1999e-05
7.49875 	8.38523e-06
7.50375 	-8.19947e-06
7.50875 	-2.57745e-05
7.51376 	-4.33495e-05
7.51876 	-6.09245e-05
7.52376 	-7.84994e-05
7.52876 	-9.60744e-05
7.53377 	-0.000113649
7.53877 	-0.000131224
7.54377 	-0.000148799
7.54877 	-0.000166374
7.55378 	-0.000175902
7.55878 	-0.000182819
7.56378 	-0.000189736
7.56878 	-0.000196653
7.57379 	-0.000203569
7.57879 	-0.000210486
7.58379 	-0.000217403
7.58879 	-0.000224319
7.5938 	-0.000231236
7.5988 	-0.000238153
7.6038 	-0.000230749
7.6088 	-0.000218822
7.61381 	-0.000206896
7.61881 	-0.000194969
7.62381 	-0.000183043
7.62881 	-0.000171116
7.63382 	-0.00015919
7.63882 	-0.000147263
7.64382 	-0.000135337
7.64882 	-0.00012341
7.65383 	-0.000101266
7.65883 	-7.59823e-05
7.66383 	-5.06989e-05
7.66883 	-2.54155e-05
7.67384 	-1.32075e-07
7.67884 	2.51513e-05
7.68384 	5.04348e-05
7.68884 	7.57182e-05
7.69385 	0.000101002
7.69885 	0.000126285
7.70385 	0.000148961
7.70885 	0.000170859
7.71386 	0.000192756
7.71886 	0.000214653
7.72386 	0.000236551
7.72886 	0.000258448
7.73387 	0.000280345
7.73887 	0.000302243
7.74387 	0.00032414
7.74887 	0.000346038
7.75388 	0.000351737
7.75888 	0.000352734
7.76388 	0.000353731
7.76888 	0.000354728
7.77389 	0.000355725
7.77889 	0.000356722
7.78389 	0.000357719
7.78889 	0.000358716
7.7939 	0.000359713
7.7989 	0.00036071
7.8039 	0.000340376
7.8089 	0.000314024
7.81391 	0.000287673
7.81891 	0.000261322
7.82391 	0.000234971
7.82891 	0.000208619
7.83392 	0.000182268
7.83892 	0.000155917
7.84392 	0.000129566
7.84892 	0.000103214
7.85393 	6.39924e-05
7.85893 	2.12454e-05
7.86393 	-2.15016e-05
7.86893 	-6.42486e-05
7.87394 	-0.000106996
7.87894 	-0.000149743
7.88394 	-0.00019249
7.88894 	-0.000235237
7.89395 	-0.000277984
7.89895 	-0.000320731
7.90395 	-0.000356727
7.90895 	-0.00039093
7.91396 	-0.000425132
7.91896 	-0.000459334
7.92396 	-0.000493536
7.92896 	-0.000527738
7.93397 	-0.000561941
7.93897 	-0.000596143
7.94397 	-0.000630345
7.94897 	-0.000664547
7.95398 	-0.000670607
7.95898 	-0.00066941
7.96398 	-0.000668213
7.96898 	-0.000667016
7.97399 	-0.000665819
7.97899 	-0.000664622
7.98399 	-0.000663425
7.98899 	-0.000662228
7.994 	-0.000661031
7.999 	-0.000659834
8.004 	-0.000620733
8.009 	-0.000572154
8.01401 	-0.000523576
8.01901 	-0.000474998
8.02401 	-0.00042642
8.02901 	-0.000377842
8.03402 	-0.000329264
8.03902 	-0.000280685
8.04402 	-0.000232107
8.04902 	-0.000183529
8.05403 	-0.0001085
8.05903 	-2.7063e-05
8.06403 	5.43737e-05
8.06903 	0.00013581
8.07404 	0.000217247
8.07904 	0.000298684
8.08404 	0.000380121
8.08904 	0.000461557
8.09405 	0.000542994
8.09905 	0.000624431
8.10405 	0.000698547
8.10905 	0.000770947
8.11406 	0.000843346
8.11906 	0.000915745
8.12406 	0.000988144
8.12906 	0.00106054
8.13407 	0.00113294
8.13907 	0.00120534
8.14407 	0.00127774
8.14907 	0.00135014
8.15408 	0.00137399
8.15908 	0.00138682
8.16408 	0.00139964
8.16908 	0.00141247
8.17409 	0.0014253
8.17909 	0.00143813
8.18409 	0.00145096
8.18909 	0.00146378
8.1941 	0.00147661
8.1991 	0.00148944
8.2041 	0.00142562
8.2091 	0.00134497
8.21411 	0.00126432
8.21911 	0.00118367
8.22411 	0.00110303
8.22911 	0.00102238
8.23412 	0.000941731
8.23912 	0.000861083
8.24412 	0.000780436
8.24912 	0.000699788
8.25413 	0.000553797
8.25913 	0.000393944
8.26413 	0.000234092
8.26913 	7.42396e-05
8.27414 	-8.56128e-05
8.27914 	-0.000245465
8.28414 	-0.000405318
8.28914 	-0.00056517
8.29415 	-0.000725022
8.29915 	-0.000884875
8.30415 	-0.00105938
8.30915 	-0.00123688
8.31416 	-0.00141438
8.31916 	-0.00159188
8.32416 	-0.00176938
8.32916 	-0.00194688
8.33417 	-0.00212438
8.33917 	-0.00230188
8.34417 	-0.00247938
8.34917 	-0.00265688
8.35418 	-0.00276389
8.35918 	-0.00285697
8.36418 	-0.00295005
8.36918 	-0.00304313
8.37419 	-0.00313621
8.37919 	-0.00322929
8.38419 	-0.00332237
8.38919 	-0.00341545
8.3942 	-0.00350853
8.3992 	-0.00360161
8.4042 	-0.00355874
8.4092 	-0.00348998
8.41421 	-0.00342122
8.41921 	-0.00335246
8.42421 	-0.0032837
8.42921 	-0.00321494
8.43422 	-0.00314618
8.43922 	-0.00307741
8.44422 	-0.00300865
8.44922 	-0.00293989
8.45423 	-0.0027013
8.45923 	-0.00243156
8.46423 	-0.00216182
8.46923 	-0.00189207
8.47424 	-0.00162233
8.47924 	-0.00135259
8.48424 	-0.00108284
8.48924 	-0.000813101
8.49425 	-0.000543358
8.49925 	-0.000273615
8.50425 	9.91802e-05
8.50925 	0.000490161
8.51426 	0.000881142
8.51926 	0.00127212
8.52426 	0.0016631
8.52926 	0.00205409
8.53427 	0.00244507
8.53927 	0.00283605
8.54427 	0.00322703
8.54927 	0.00361801
8.55428 	0.00401755
8.55928 	0.00441854
8.56428 	0.00481954
8.56928 	0.00522053
8.57429 	0.00562152
8.57929 	0.00602252
8.58429 	0.00642351
8.58929 	0.0068245
8.5943 	0.00722549
8.5993 	0.00762649
8.6043 	0.00784601
8.6093 	0.008036
8.61431 	0.00822599
8.61931 	0.00841597
8.62431 	0.00860596
8.62931 	0.00879595
8.63432 	0.00898593
8.63932 	0.00917592
8.64432 	0.00936591
8.64932 	0.00955589
8.65433 	0.00948492
8.65933 	0.00937322
8.66433 	0.00926152
8.66933 	0.00914982
8.67434 	0.00903812
8.67934 	0.00892642
8.68434 	0.00881472
8.68934 	0.00870302
8.69435 	0.00859132
8.69935 	0.00847962
8.70435 	0.00796208
8.70935 	0.0073839
8.71436 	0.00680573
8.71936 	0.00622755
8.72436 	0.00564937
8.72936 	0.00507119
8.73437 	0.00449302
8.73937 	0.00391484
8.74437 	0.00333666
8.74937 	0.00275849
8.75438 	0.00192262
8.75938 	0.00104994
8.76438 	0.000177269
8.76938 	-0.000695408
8.77439 	-0.00156808
8.77939 	-0.00244076
8.78439 	-0.00331344
8.78939 	-0.00418611
8.7944 	-0.00505879
8.7994 	-0.00593147
8.8044 	-0.00708155
8.8094 	-0.00826946
8.81441 	-0.00945736
8.81941 	-0.0106453
8.82441 	-0.0118332
8.82941 	-0.0130211
8.83442 	-0.014209
8.83942 	-0.0153969
8.84442 	-0.0165848
8.84942 	-0.0177727
8.85443 	-0.0187889
8.85943 	-0.0197828
8.86443 	-0.0207766
8.86943 	-0.0217705
8.87444 	-0.0227643
8.87944 	-0.0237582
8.88444 	-0.0247521
8.88944 	-0.0257459
8.89445 	-0.0267398
8.89945 	-0.0277336
8.90445 	-0.0285687
8.90945 	-0.0293841
8.91446 	-0.0301995
8.91946 	-0.0310149
8.92446 	-0.0318304
8.92946 	-0.0326458
8.93447 	-0.0334612
8.93947 	-0.0342766
8.94447 	-0.035092
8.94947 	-0.0359075
8.95448 	-0.0358574
8.95948 	-0.0357058
8.96448 	-0.0355542
8.96948 	-0.0354026
8.97449 	-0.0352509
8.97949 	-0.0350993
8.98449 	-0.0349477
8.98949 	-0.0347961
8.9945 	-0.0346445
8.9995 	-0.0344929
9.0045 	-0.0337019
9.0095 	-0.03284
9.01451 	-0.031978
9.01951 	-0.031116
9.02451 	-0.0302541
9.02951 	-0.0293921
9.03452 	-0.0285301
9.03952 	-0.0276681
9.04452 	-0.0268062
9.04952 	-0.0259442
9.05453 	-0.0235411
9.05953 	-0.0209763
9.06453 	-0.0184114
9.06953 	-0.0158466
9.07454 	-0.0132817
9.07954 	-0.0107169
9.08454 	-0.00815204
9.08954 	-0.0055872
9.09455 	-0.00302235
9.09955 	-0.000457502
9.10455 	0.00297276
9.10955 	0.00648862
9.11456 	0.0100045
9.11956 	0.0135203
9.12456 	0.0170362
9.12956 	0.020552
9.13457 	0.0240679
9.13957 	0.0275838
9.14457 	0.0310996
9.14957 	0.0346155
9.15458 	0.0400227
9.15958 	0.0456057
9.16458 	0.0511886
9.16958 	0.0567716
9.17459 	0.0623546
9.17959 	0.0679375
9.18459 	0.0735205
9.18959 	0.0791034
9.1946 	0.0846864
9.1996 	0.0902693
9.2046 	0.096446
9.2096 	0.102674
9.21461 	0.108903
9.21961 	0.115131
9.22461 	0.121359
9.22961 	0.127587
9.23462 	0.133816
9.23962 	0.140044
9.24462 	0.146272
9.24962 	0.1525
9.25463 	0.160415
9.25963 	0.168467
9.26463 	0.176519
9.26963 	0.18457
9.27464 	0.192622
9.27964 	0.200673
9.28464 	0.208725
9.28964 	0.216777
9.29465 	0.224828
9.29965 	0.23288
9.30465 	0.240771
9.30965 	0.248649
9.31466 	0.256527
9.31966 	0.264406
9.32466 	0.272284
9.32966 	0.280163
9.33467 	0.288041
9.33967 	0.295919
9.34467 	0.303798
9.34967 	0.311676
9.35468 	0.32055
9.35968 	0.329492
9.36468 	0.338435
9.36968 	0.347377
9.37469 	0.35632
9.37969 	0.365263
9.38469 	0.374205
9.38969 	0.383148
9.3947 	0.392091
9.3997 	0.401033
9.4047 	0.409016
9.4097 	0.416937
9.41471 	0.424859
9.41971 	0.43278
9.42471 	0.440702
9.42971 	0.448623
9.43472 	0.456545
9.43972 	0.464466
9.44472 	0.472388
9.44972 	0.480309
9.45473 	0.488426
9.45973 	0.496553
9.46473 	0.504681
9.46973 	0.512808
9.47474 	0.520936
9.47974 	0.529064
9.48474 	0.537191
9.48974 	0.545319
9.49475 	0.553447
9.49975 	0.561574
9.50475 	0.568505
9.50975 	0.575373
9.51476 	0.582241
9.51976 	0.589109
9.52476 	0.595977
9.52976 	0.602845
9.53477 	0.609713
9.53977 	0.616581
9.54477 	0.623449
9.54977 	0.630317
9.55478 	0.63679
9.55978 	0.643245
9.56478 	0.6497
9.56978 	0.656156
9.57479 	0.662611
9.57979 	0.669066
9.58479 	0.675521
9.58979 	0.681976
9.5948 	0.688431
9.5998 	0.694886
9.6048 	0.700692
9.6098 	0.706471
9.61481 	0.71225
9.61981 	0.718028
9.62481 	0.723807
9.62981 	0.729586
9.63482 	0.735365
9.63982 	0.741143
9.64482 	0.746922
9.64982 	0.752701
9.65483 	0.757647
9.65983 	0.762562
9.66483 	0.767478
9.66983 	0.772393
9.67484 	0.777309
9.67984 	0.782224
9.68484 	0.78714
9.68984 	0.792055
9.69485 	0.796971
9.69985 	0.801887
9.70485 	0.807078
9.70985 	0.812279
9.71486 	0.817479
9.71986 	0.822679
9.72486 	0.827879
9.72986 	0.83308
9.73487 	0.83828
9.73987 	0.84348
9.74487 	0.84868
9.74987 	0.85388
9.75488 	0.857681
9.75988 	0.861445
9.76488 	0.865209
9.76988 	0.868973
9.77489 	0.872737
9.77989 	0.876502
9.78489 	0.880266
9.78989 	0.88403
9.7949 	0.887794
9.7999 	0.891558
9.8049 	0.896204
9.8099 	0.900867
9.81491 	0.90553
9.81991 	0.910194
9.82491 	0.914857
9.82991 	0.91952
9.83492 	0.924184
9.83992 	0.928847
9.84492 	0.93351
9.84992 	0.938174
9.85493 	0.940692
9.85993 	0.943178
9.86493 	0.945664
9.86993 	0.94815
9.87494 	0.950636
9.87994 	0.953122
9.88494 	0.955608
9.88994 	0.958094
9.89495 	0.96058
9.89995 	0.963066
9.90495 	0.966292
9.90995 	0.969526
9.91496 	0.97276
9.91996 	0.975994
9.92496 	0.979227
9.92996 	0.982461
9.93497 	0.985695
9.93997 	0.988928
9.94497 	0.992162
9.94997 	0.995396
9.95498 	0.995902
9.95998 	0.996395
9.96498 	0.996887
9.96998 	0.99738
9.97499 	0.997873
9.97999 	0.998365
9.98499 	0.998858
9.98999 	0.99935
9.995 	0.999843
10 	1.00034
