/*--------------------------------*- C++ -*----------------------------------*\
| =========                 |                                                 |
| \\      /  F ield         | OpenFOAM: The Open Source CFD Toolbox           |
|  \\    /   O peration     | Version:  2206                                  |
|   \\  /    A nd           | Website:  www.openfoam.com                      |
|    \\/     M anipulation  |                                                 |
\*---------------------------------------------------------------------------*/
FoamFile
{
    version     2.0;
    format      ascii;
    arch        "LSB;label=32;scalar=64";
    class       vectorField;
    location    "constant/polyMesh";
    object      points;
}
// * * * * * * * * * * * * * * * * * * * * * * * * * * * * * * * * * * * * * //


1722
(
(-5 -1 -1)
(-4.75 -1 -1)
(-4.5 -1 -1)
(-4.25 -1 -1)
(-4 -1 -1)
(-3.75 -1 -1)
(-3.5 -1 -1)
(-3.25 -1 -1)
(-3 -1 -1)
(-2.75 -1 -1)
(-2.5 -1 -1)
(-2.25 -1 -1)
(-2 -1 -1)
(-1.75 -1 -1)
(-1.5 -1 -1)
(-1.25 -1 -1)
(-1 -1 -1)
(-0.75 -1 -1)
(-0.5 -1 -1)
(-0.25 -1 -1)
(0 -1 -1)
(0.25 -1 -1)
(0.5 -1 -1)
(0.75 -1 -1)
(1 -1 -1)
(1.25 -1 -1)
(1.5 -1 -1)
(1.75 -1 -1)
(2 -1 -1)
(2.25 -1 -1)
(2.5 -1 -1)
(2.75 -1 -1)
(3 -1 -1)
(3.25 -1 -1)
(3.5 -1 -1)
(3.75 -1 -1)
(4 -1 -1)
(4.25 -1 -1)
(4.5 -1 -1)
(4.75 -1 -1)
(5 -1 -1)
(-5 -0.9 -1)
(-4.75 -0.9 -1)
(-4.5 -0.9 -1)
(-4.25 -0.9 -1)
(-4 -0.9 -1)
(-3.75 -0.9 -1)
(-3.5 -0.9 -1)
(-3.25 -0.9 -1)
(-3 -0.9 -1)
(-2.75 -0.9 -1)
(-2.5 -0.9 -1)
(-2.25 -0.9 -1)
(-2 -0.9 -1)
(-1.75 -0.9 -1)
(-1.5 -0.9 -1)
(-1.25 -0.9 -1)
(-1 -0.9 -1)
(-0.75 -0.9 -1)
(-0.5 -0.9 -1)
(-0.25 -0.9 -1)
(0 -0.9 -1)
(0.25 -0.9 -1)
(0.5 -0.9 -1)
(0.75 -0.9 -1)
(1 -0.9 -1)
(1.25 -0.9 -1)
(1.5 -0.9 -1)
(1.75 -0.9 -1)
(2 -0.9 -1)
(2.25 -0.9 -1)
(2.5 -0.9 -1)
(2.75 -0.9 -1)
(3 -0.9 -1)
(3.25 -0.9 -1)
(3.5 -0.9 -1)
(3.75 -0.9 -1)
(4 -0.9 -1)
(4.25 -0.9 -1)
(4.5 -0.9 -1)
(4.75 -0.9 -1)
(5 -0.9 -1)
(-5 -0.8 -1)
(-4.75 -0.8 -1)
(-4.5 -0.8 -1)
(-4.25 -0.8 -1)
(-4 -0.8 -1)
(-3.75 -0.8 -1)
(-3.5 -0.8 -1)
(-3.25 -0.8 -1)
(-3 -0.8 -1)
(-2.75 -0.8 -1)
(-2.5 -0.8 -1)
(-2.25 -0.8 -1)
(-2 -0.8 -1)
(-1.75 -0.8 -1)
(-1.5 -0.8 -1)
(-1.25 -0.8 -1)
(-1 -0.8 -1)
(-0.75 -0.8 -1)
(-0.5 -0.8 -1)
(-0.25 -0.8 -1)
(0 -0.8 -1)
(0.25 -0.8 -1)
(0.5 -0.8 -1)
(0.75 -0.8 -1)
(1 -0.8 -1)
(1.25 -0.8 -1)
(1.5 -0.8 -1)
(1.75 -0.8 -1)
(2 -0.8 -1)
(2.25 -0.8 -1)
(2.5 -0.8 -1)
(2.75 -0.8 -1)
(3 -0.8 -1)
(3.25 -0.8 -1)
(3.5 -0.8 -1)
(3.75 -0.8 -1)
(4 -0.8 -1)
(4.25 -0.8 -1)
(4.5 -0.8 -1)
(4.75 -0.8 -1)
(5 -0.8 -1)
(-5 -0.7 -1)
(-4.75 -0.7 -1)
(-4.5 -0.7 -1)
(-4.25 -0.7 -1)
(-4 -0.7 -1)
(-3.75 -0.7 -1)
(-3.5 -0.7 -1)
(-3.25 -0.7 -1)
(-3 -0.7 -1)
(-2.75 -0.7 -1)
(-2.5 -0.7 -1)
(-2.25 -0.7 -1)
(-2 -0.7 -1)
(-1.75 -0.7 -1)
(-1.5 -0.7 -1)
(-1.25 -0.7 -1)
(-1 -0.7 -1)
(-0.75 -0.7 -1)
(-0.5 -0.7 -1)
(-0.25 -0.7 -1)
(0 -0.7 -1)
(0.25 -0.7 -1)
(0.5 -0.7 -1)
(0.75 -0.7 -1)
(1 -0.7 -1)
(1.25 -0.7 -1)
(1.5 -0.7 -1)
(1.75 -0.7 -1)
(2 -0.7 -1)
(2.25 -0.7 -1)
(2.5 -0.7 -1)
(2.75 -0.7 -1)
(3 -0.7 -1)
(3.25 -0.7 -1)
(3.5 -0.7 -1)
(3.75 -0.7 -1)
(4 -0.7 -1)
(4.25 -0.7 -1)
(4.5 -0.7 -1)
(4.75 -0.7 -1)
(5 -0.7 -1)
(-5 -0.6 -1)
(-4.75 -0.6 -1)
(-4.5 -0.6 -1)
(-4.25 -0.6 -1)
(-4 -0.6 -1)
(-3.75 -0.6 -1)
(-3.5 -0.6 -1)
(-3.25 -0.6 -1)
(-3 -0.6 -1)
(-2.75 -0.6 -1)
(-2.5 -0.6 -1)
(-2.25 -0.6 -1)
(-2 -0.6 -1)
(-1.75 -0.6 -1)
(-1.5 -0.6 -1)
(-1.25 -0.6 -1)
(-1 -0.6 -1)
(-0.75 -0.6 -1)
(-0.5 -0.6 -1)
(-0.25 -0.6 -1)
(0 -0.6 -1)
(0.25 -0.6 -1)
(0.5 -0.6 -1)
(0.75 -0.6 -1)
(1 -0.6 -1)
(1.25 -0.6 -1)
(1.5 -0.6 -1)
(1.75 -0.6 -1)
(2 -0.6 -1)
(2.25 -0.6 -1)
(2.5 -0.6 -1)
(2.75 -0.6 -1)
(3 -0.6 -1)
(3.25 -0.6 -1)
(3.5 -0.6 -1)
(3.75 -0.6 -1)
(4 -0.6 -1)
(4.25 -0.6 -1)
(4.5 -0.6 -1)
(4.75 -0.6 -1)
(5 -0.6 -1)
(-5 -0.5 -1)
(-4.75 -0.5 -1)
(-4.5 -0.5 -1)
(-4.25 -0.5 -1)
(-4 -0.5 -1)
(-3.75 -0.5 -1)
(-3.5 -0.5 -1)
(-3.25 -0.5 -1)
(-3 -0.5 -1)
(-2.75 -0.5 -1)
(-2.5 -0.5 -1)
(-2.25 -0.5 -1)
(-2 -0.5 -1)
(-1.75 -0.5 -1)
(-1.5 -0.5 -1)
(-1.25 -0.5 -1)
(-1 -0.5 -1)
(-0.75 -0.5 -1)
(-0.5 -0.5 -1)
(-0.25 -0.5 -1)
(0 -0.5 -1)
(0.25 -0.5 -1)
(0.5 -0.5 -1)
(0.75 -0.5 -1)
(1 -0.5 -1)
(1.25 -0.5 -1)
(1.5 -0.5 -1)
(1.75 -0.5 -1)
(2 -0.5 -1)
(2.25 -0.5 -1)
(2.5 -0.5 -1)
(2.75 -0.5 -1)
(3 -0.5 -1)
(3.25 -0.5 -1)
(3.5 -0.5 -1)
(3.75 -0.5 -1)
(4 -0.5 -1)
(4.25 -0.5 -1)
(4.5 -0.5 -1)
(4.75 -0.5 -1)
(5 -0.5 -1)
(-5 -0.4 -1)
(-4.75 -0.4 -1)
(-4.5 -0.4 -1)
(-4.25 -0.4 -1)
(-4 -0.4 -1)
(-3.75 -0.4 -1)
(-3.5 -0.4 -1)
(-3.25 -0.4 -1)
(-3 -0.4 -1)
(-2.75 -0.4 -1)
(-2.5 -0.4 -1)
(-2.25 -0.4 -1)
(-2 -0.4 -1)
(-1.75 -0.4 -1)
(-1.5 -0.4 -1)
(-1.25 -0.4 -1)
(-1 -0.4 -1)
(-0.75 -0.4 -1)
(-0.5 -0.4 -1)
(-0.25 -0.4 -1)
(0 -0.4 -1)
(0.25 -0.4 -1)
(0.5 -0.4 -1)
(0.75 -0.4 -1)
(1 -0.4 -1)
(1.25 -0.4 -1)
(1.5 -0.4 -1)
(1.75 -0.4 -1)
(2 -0.4 -1)
(2.25 -0.4 -1)
(2.5 -0.4 -1)
(2.75 -0.4 -1)
(3 -0.4 -1)
(3.25 -0.4 -1)
(3.5 -0.4 -1)
(3.75 -0.4 -1)
(4 -0.4 -1)
(4.25 -0.4 -1)
(4.5 -0.4 -1)
(4.75 -0.4 -1)
(5 -0.4 -1)
(-5 -0.3 -1)
(-4.75 -0.3 -1)
(-4.5 -0.3 -1)
(-4.25 -0.3 -1)
(-4 -0.3 -1)
(-3.75 -0.3 -1)
(-3.5 -0.3 -1)
(-3.25 -0.3 -1)
(-3 -0.3 -1)
(-2.75 -0.3 -1)
(-2.5 -0.3 -1)
(-2.25 -0.3 -1)
(-2 -0.3 -1)
(-1.75 -0.3 -1)
(-1.5 -0.3 -1)
(-1.25 -0.3 -1)
(-1 -0.3 -1)
(-0.75 -0.3 -1)
(-0.5 -0.3 -1)
(-0.25 -0.3 -1)
(0 -0.3 -1)
(0.25 -0.3 -1)
(0.5 -0.3 -1)
(0.75 -0.3 -1)
(1 -0.3 -1)
(1.25 -0.3 -1)
(1.5 -0.3 -1)
(1.75 -0.3 -1)
(2 -0.3 -1)
(2.25 -0.3 -1)
(2.5 -0.3 -1)
(2.75 -0.3 -1)
(3 -0.3 -1)
(3.25 -0.3 -1)
(3.5 -0.3 -1)
(3.75 -0.3 -1)
(4 -0.3 -1)
(4.25 -0.3 -1)
(4.5 -0.3 -1)
(4.75 -0.3 -1)
(5 -0.3 -1)
(-5 -0.2 -1)
(-4.75 -0.2 -1)
(-4.5 -0.2 -1)
(-4.25 -0.2 -1)
(-4 -0.2 -1)
(-3.75 -0.2 -1)
(-3.5 -0.2 -1)
(-3.25 -0.2 -1)
(-3 -0.2 -1)
(-2.75 -0.2 -1)
(-2.5 -0.2 -1)
(-2.25 -0.2 -1)
(-2 -0.2 -1)
(-1.75 -0.2 -1)
(-1.5 -0.2 -1)
(-1.25 -0.2 -1)
(-1 -0.2 -1)
(-0.75 -0.2 -1)
(-0.5 -0.2 -1)
(-0.25 -0.2 -1)
(0 -0.2 -1)
(0.25 -0.2 -1)
(0.5 -0.2 -1)
(0.75 -0.2 -1)
(1 -0.2 -1)
(1.25 -0.2 -1)
(1.5 -0.2 -1)
(1.75 -0.2 -1)
(2 -0.2 -1)
(2.25 -0.2 -1)
(2.5 -0.2 -1)
(2.75 -0.2 -1)
(3 -0.2 -1)
(3.25 -0.2 -1)
(3.5 -0.2 -1)
(3.75 -0.2 -1)
(4 -0.2 -1)
(4.25 -0.2 -1)
(4.5 -0.2 -1)
(4.75 -0.2 -1)
(5 -0.2 -1)
(-5 -0.1 -1)
(-4.75 -0.1 -1)
(-4.5 -0.1 -1)
(-4.25 -0.1 -1)
(-4 -0.1 -1)
(-3.75 -0.1 -1)
(-3.5 -0.1 -1)
(-3.25 -0.1 -1)
(-3 -0.1 -1)
(-2.75 -0.1 -1)
(-2.5 -0.1 -1)
(-2.25 -0.1 -1)
(-2 -0.1 -1)
(-1.75 -0.1 -1)
(-1.5 -0.1 -1)
(-1.25 -0.1 -1)
(-1 -0.1 -1)
(-0.75 -0.1 -1)
(-0.5 -0.1 -1)
(-0.25 -0.1 -1)
(0 -0.1 -1)
(0.25 -0.1 -1)
(0.5 -0.1 -1)
(0.75 -0.1 -1)
(1 -0.1 -1)
(1.25 -0.1 -1)
(1.5 -0.1 -1)
(1.75 -0.1 -1)
(2 -0.1 -1)
(2.25 -0.1 -1)
(2.5 -0.1 -1)
(2.75 -0.1 -1)
(3 -0.1 -1)
(3.25 -0.1 -1)
(3.5 -0.1 -1)
(3.75 -0.1 -1)
(4 -0.1 -1)
(4.25 -0.1 -1)
(4.5 -0.1 -1)
(4.75 -0.1 -1)
(5 -0.1 -1)
(-5 0 -1)
(-4.75 0 -1)
(-4.5 0 -1)
(-4.25 0 -1)
(-4 0 -1)
(-3.75 0 -1)
(-3.5 0 -1)
(-3.25 0 -1)
(-3 0 -1)
(-2.75 0 -1)
(-2.5 0 -1)
(-2.25 0 -1)
(-2 0 -1)
(-1.75 0 -1)
(-1.5 0 -1)
(-1.25 0 -1)
(-1 0 -1)
(-0.75 0 -1)
(-0.5 0 -1)
(-0.25 0 -1)
(0 0 -1)
(0.25 0 -1)
(0.5 0 -1)
(0.75 0 -1)
(1 0 -1)
(1.25 0 -1)
(1.5 0 -1)
(1.75 0 -1)
(2 0 -1)
(2.25 0 -1)
(2.5 0 -1)
(2.75 0 -1)
(3 0 -1)
(3.25 0 -1)
(3.5 0 -1)
(3.75 0 -1)
(4 0 -1)
(4.25 0 -1)
(4.5 0 -1)
(4.75 0 -1)
(5 0 -1)
(-5 0.1 -1)
(-4.75 0.1 -1)
(-4.5 0.1 -1)
(-4.25 0.1 -1)
(-4 0.1 -1)
(-3.75 0.1 -1)
(-3.5 0.1 -1)
(-3.25 0.1 -1)
(-3 0.1 -1)
(-2.75 0.1 -1)
(-2.5 0.1 -1)
(-2.25 0.1 -1)
(-2 0.1 -1)
(-1.75 0.1 -1)
(-1.5 0.1 -1)
(-1.25 0.1 -1)
(-1 0.1 -1)
(-0.75 0.1 -1)
(-0.5 0.1 -1)
(-0.25 0.1 -1)
(0 0.1 -1)
(0.25 0.1 -1)
(0.5 0.1 -1)
(0.75 0.1 -1)
(1 0.1 -1)
(1.25 0.1 -1)
(1.5 0.1 -1)
(1.75 0.1 -1)
(2 0.1 -1)
(2.25 0.1 -1)
(2.5 0.1 -1)
(2.75 0.1 -1)
(3 0.1 -1)
(3.25 0.1 -1)
(3.5 0.1 -1)
(3.75 0.1 -1)
(4 0.1 -1)
(4.25 0.1 -1)
(4.5 0.1 -1)
(4.75 0.1 -1)
(5 0.1 -1)
(-5 0.2 -1)
(-4.75 0.2 -1)
(-4.5 0.2 -1)
(-4.25 0.2 -1)
(-4 0.2 -1)
(-3.75 0.2 -1)
(-3.5 0.2 -1)
(-3.25 0.2 -1)
(-3 0.2 -1)
(-2.75 0.2 -1)
(-2.5 0.2 -1)
(-2.25 0.2 -1)
(-2 0.2 -1)
(-1.75 0.2 -1)
(-1.5 0.2 -1)
(-1.25 0.2 -1)
(-1 0.2 -1)
(-0.75 0.2 -1)
(-0.5 0.2 -1)
(-0.25 0.2 -1)
(0 0.2 -1)
(0.25 0.2 -1)
(0.5 0.2 -1)
(0.75 0.2 -1)
(1 0.2 -1)
(1.25 0.2 -1)
(1.5 0.2 -1)
(1.75 0.2 -1)
(2 0.2 -1)
(2.25 0.2 -1)
(2.5 0.2 -1)
(2.75 0.2 -1)
(3 0.2 -1)
(3.25 0.2 -1)
(3.5 0.2 -1)
(3.75 0.2 -1)
(4 0.2 -1)
(4.25 0.2 -1)
(4.5 0.2 -1)
(4.75 0.2 -1)
(5 0.2 -1)
(-5 0.3 -1)
(-4.75 0.3 -1)
(-4.5 0.3 -1)
(-4.25 0.3 -1)
(-4 0.3 -1)
(-3.75 0.3 -1)
(-3.5 0.3 -1)
(-3.25 0.3 -1)
(-3 0.3 -1)
(-2.75 0.3 -1)
(-2.5 0.3 -1)
(-2.25 0.3 -1)
(-2 0.3 -1)
(-1.75 0.3 -1)
(-1.5 0.3 -1)
(-1.25 0.3 -1)
(-1 0.3 -1)
(-0.75 0.3 -1)
(-0.5 0.3 -1)
(-0.25 0.3 -1)
(0 0.3 -1)
(0.25 0.3 -1)
(0.5 0.3 -1)
(0.75 0.3 -1)
(1 0.3 -1)
(1.25 0.3 -1)
(1.5 0.3 -1)
(1.75 0.3 -1)
(2 0.3 -1)
(2.25 0.3 -1)
(2.5 0.3 -1)
(2.75 0.3 -1)
(3 0.3 -1)
(3.25 0.3 -1)
(3.5 0.3 -1)
(3.75 0.3 -1)
(4 0.3 -1)
(4.25 0.3 -1)
(4.5 0.3 -1)
(4.75 0.3 -1)
(5 0.3 -1)
(-5 0.4 -1)
(-4.75 0.4 -1)
(-4.5 0.4 -1)
(-4.25 0.4 -1)
(-4 0.4 -1)
(-3.75 0.4 -1)
(-3.5 0.4 -1)
(-3.25 0.4 -1)
(-3 0.4 -1)
(-2.75 0.4 -1)
(-2.5 0.4 -1)
(-2.25 0.4 -1)
(-2 0.4 -1)
(-1.75 0.4 -1)
(-1.5 0.4 -1)
(-1.25 0.4 -1)
(-1 0.4 -1)
(-0.75 0.4 -1)
(-0.5 0.4 -1)
(-0.25 0.4 -1)
(0 0.4 -1)
(0.25 0.4 -1)
(0.5 0.4 -1)
(0.75 0.4 -1)
(1 0.4 -1)
(1.25 0.4 -1)
(1.5 0.4 -1)
(1.75 0.4 -1)
(2 0.4 -1)
(2.25 0.4 -1)
(2.5 0.4 -1)
(2.75 0.4 -1)
(3 0.4 -1)
(3.25 0.4 -1)
(3.5 0.4 -1)
(3.75 0.4 -1)
(4 0.4 -1)
(4.25 0.4 -1)
(4.5 0.4 -1)
(4.75 0.4 -1)
(5 0.4 -1)
(-5 0.5 -1)
(-4.75 0.5 -1)
(-4.5 0.5 -1)
(-4.25 0.5 -1)
(-4 0.5 -1)
(-3.75 0.5 -1)
(-3.5 0.5 -1)
(-3.25 0.5 -1)
(-3 0.5 -1)
(-2.75 0.5 -1)
(-2.5 0.5 -1)
(-2.25 0.5 -1)
(-2 0.5 -1)
(-1.75 0.5 -1)
(-1.5 0.5 -1)
(-1.25 0.5 -1)
(-1 0.5 -1)
(-0.75 0.5 -1)
(-0.5 0.5 -1)
(-0.25 0.5 -1)
(0 0.5 -1)
(0.25 0.5 -1)
(0.5 0.5 -1)
(0.75 0.5 -1)
(1 0.5 -1)
(1.25 0.5 -1)
(1.5 0.5 -1)
(1.75 0.5 -1)
(2 0.5 -1)
(2.25 0.5 -1)
(2.5 0.5 -1)
(2.75 0.5 -1)
(3 0.5 -1)
(3.25 0.5 -1)
(3.5 0.5 -1)
(3.75 0.5 -1)
(4 0.5 -1)
(4.25 0.5 -1)
(4.5 0.5 -1)
(4.75 0.5 -1)
(5 0.5 -1)
(-5 0.6 -1)
(-4.75 0.6 -1)
(-4.5 0.6 -1)
(-4.25 0.6 -1)
(-4 0.6 -1)
(-3.75 0.6 -1)
(-3.5 0.6 -1)
(-3.25 0.6 -1)
(-3 0.6 -1)
(-2.75 0.6 -1)
(-2.5 0.6 -1)
(-2.25 0.6 -1)
(-2 0.6 -1)
(-1.75 0.6 -1)
(-1.5 0.6 -1)
(-1.25 0.6 -1)
(-1 0.6 -1)
(-0.75 0.6 -1)
(-0.5 0.6 -1)
(-0.25 0.6 -1)
(0 0.6 -1)
(0.25 0.6 -1)
(0.5 0.6 -1)
(0.75 0.6 -1)
(1 0.6 -1)
(1.25 0.6 -1)
(1.5 0.6 -1)
(1.75 0.6 -1)
(2 0.6 -1)
(2.25 0.6 -1)
(2.5 0.6 -1)
(2.75 0.6 -1)
(3 0.6 -1)
(3.25 0.6 -1)
(3.5 0.6 -1)
(3.75 0.6 -1)
(4 0.6 -1)
(4.25 0.6 -1)
(4.5 0.6 -1)
(4.75 0.6 -1)
(5 0.6 -1)
(-5 0.7 -1)
(-4.75 0.7 -1)
(-4.5 0.7 -1)
(-4.25 0.7 -1)
(-4 0.7 -1)
(-3.75 0.7 -1)
(-3.5 0.7 -1)
(-3.25 0.7 -1)
(-3 0.7 -1)
(-2.75 0.7 -1)
(-2.5 0.7 -1)
(-2.25 0.7 -1)
(-2 0.7 -1)
(-1.75 0.7 -1)
(-1.5 0.7 -1)
(-1.25 0.7 -1)
(-1 0.7 -1)
(-0.75 0.7 -1)
(-0.5 0.7 -1)
(-0.25 0.7 -1)
(0 0.7 -1)
(0.25 0.7 -1)
(0.5 0.7 -1)
(0.75 0.7 -1)
(1 0.7 -1)
(1.25 0.7 -1)
(1.5 0.7 -1)
(1.75 0.7 -1)
(2 0.7 -1)
(2.25 0.7 -1)
(2.5 0.7 -1)
(2.75 0.7 -1)
(3 0.7 -1)
(3.25 0.7 -1)
(3.5 0.7 -1)
(3.75 0.7 -1)
(4 0.7 -1)
(4.25 0.7 -1)
(4.5 0.7 -1)
(4.75 0.7 -1)
(5 0.7 -1)
(-5 0.8 -1)
(-4.75 0.8 -1)
(-4.5 0.8 -1)
(-4.25 0.8 -1)
(-4 0.8 -1)
(-3.75 0.8 -1)
(-3.5 0.8 -1)
(-3.25 0.8 -1)
(-3 0.8 -1)
(-2.75 0.8 -1)
(-2.5 0.8 -1)
(-2.25 0.8 -1)
(-2 0.8 -1)
(-1.75 0.8 -1)
(-1.5 0.8 -1)
(-1.25 0.8 -1)
(-1 0.8 -1)
(-0.75 0.8 -1)
(-0.5 0.8 -1)
(-0.25 0.8 -1)
(0 0.8 -1)
(0.25 0.8 -1)
(0.5 0.8 -1)
(0.75 0.8 -1)
(1 0.8 -1)
(1.25 0.8 -1)
(1.5 0.8 -1)
(1.75 0.8 -1)
(2 0.8 -1)
(2.25 0.8 -1)
(2.5 0.8 -1)
(2.75 0.8 -1)
(3 0.8 -1)
(3.25 0.8 -1)
(3.5 0.8 -1)
(3.75 0.8 -1)
(4 0.8 -1)
(4.25 0.8 -1)
(4.5 0.8 -1)
(4.75 0.8 -1)
(5 0.8 -1)
(-5 0.9 -1)
(-4.75 0.9 -1)
(-4.5 0.9 -1)
(-4.25 0.9 -1)
(-4 0.9 -1)
(-3.75 0.9 -1)
(-3.5 0.9 -1)
(-3.25 0.9 -1)
(-3 0.9 -1)
(-2.75 0.9 -1)
(-2.5 0.9 -1)
(-2.25 0.9 -1)
(-2 0.9 -1)
(-1.75 0.9 -1)
(-1.5 0.9 -1)
(-1.25 0.9 -1)
(-1 0.9 -1)
(-0.75 0.9 -1)
(-0.5 0.9 -1)
(-0.25 0.9 -1)
(0 0.9 -1)
(0.25 0.9 -1)
(0.5 0.9 -1)
(0.75 0.9 -1)
(1 0.9 -1)
(1.25 0.9 -1)
(1.5 0.9 -1)
(1.75 0.9 -1)
(2 0.9 -1)
(2.25 0.9 -1)
(2.5 0.9 -1)
(2.75 0.9 -1)
(3 0.9 -1)
(3.25 0.9 -1)
(3.5 0.9 -1)
(3.75 0.9 -1)
(4 0.9 -1)
(4.25 0.9 -1)
(4.5 0.9 -1)
(4.75 0.9 -1)
(5 0.9 -1)
(-5 1 -1)
(-4.75 1 -1)
(-4.5 1 -1)
(-4.25 1 -1)
(-4 1 -1)
(-3.75 1 -1)
(-3.5 1 -1)
(-3.25 1 -1)
(-3 1 -1)
(-2.75 1 -1)
(-2.5 1 -1)
(-2.25 1 -1)
(-2 1 -1)
(-1.75 1 -1)
(-1.5 1 -1)
(-1.25 1 -1)
(-1 1 -1)
(-0.75 1 -1)
(-0.5 1 -1)
(-0.25 1 -1)
(0 1 -1)
(0.25 1 -1)
(0.5 1 -1)
(0.75 1 -1)
(1 1 -1)
(1.25 1 -1)
(1.5 1 -1)
(1.75 1 -1)
(2 1 -1)
(2.25 1 -1)
(2.5 1 -1)
(2.75 1 -1)
(3 1 -1)
(3.25 1 -1)
(3.5 1 -1)
(3.75 1 -1)
(4 1 -1)
(4.25 1 -1)
(4.5 1 -1)
(4.75 1 -1)
(5 1 -1)
(-5 -1 1)
(-4.75 -1 1)
(-4.5 -1 1)
(-4.25 -1 1)
(-4 -1 1)
(-3.75 -1 1)
(-3.5 -1 1)
(-3.25 -1 1)
(-3 -1 1)
(-2.75 -1 1)
(-2.5 -1 1)
(-2.25 -1 1)
(-2 -1 1)
(-1.75 -1 1)
(-1.5 -1 1)
(-1.25 -1 1)
(-1 -1 1)
(-0.75 -1 1)
(-0.5 -1 1)
(-0.25 -1 1)
(0 -1 1)
(0.25 -1 1)
(0.5 -1 1)
(0.75 -1 1)
(1 -1 1)
(1.25 -1 1)
(1.5 -1 1)
(1.75 -1 1)
(2 -1 1)
(2.25 -1 1)
(2.5 -1 1)
(2.75 -1 1)
(3 -1 1)
(3.25 -1 1)
(3.5 -1 1)
(3.75 -1 1)
(4 -1 1)
(4.25 -1 1)
(4.5 -1 1)
(4.75 -1 1)
(5 -1 1)
(-5 -0.9 1)
(-4.75 -0.9 1)
(-4.5 -0.9 1)
(-4.25 -0.9 1)
(-4 -0.9 1)
(-3.75 -0.9 1)
(-3.5 -0.9 1)
(-3.25 -0.9 1)
(-3 -0.9 1)
(-2.75 -0.9 1)
(-2.5 -0.9 1)
(-2.25 -0.9 1)
(-2 -0.9 1)
(-1.75 -0.9 1)
(-1.5 -0.9 1)
(-1.25 -0.9 1)
(-1 -0.9 1)
(-0.75 -0.9 1)
(-0.5 -0.9 1)
(-0.25 -0.9 1)
(0 -0.9 1)
(0.25 -0.9 1)
(0.5 -0.9 1)
(0.75 -0.9 1)
(1 -0.9 1)
(1.25 -0.9 1)
(1.5 -0.9 1)
(1.75 -0.9 1)
(2 -0.9 1)
(2.25 -0.9 1)
(2.5 -0.9 1)
(2.75 -0.9 1)
(3 -0.9 1)
(3.25 -0.9 1)
(3.5 -0.9 1)
(3.75 -0.9 1)
(4 -0.9 1)
(4.25 -0.9 1)
(4.5 -0.9 1)
(4.75 -0.9 1)
(5 -0.9 1)
(-5 -0.8 1)
(-4.75 -0.8 1)
(-4.5 -0.8 1)
(-4.25 -0.8 1)
(-4 -0.8 1)
(-3.75 -0.8 1)
(-3.5 -0.8 1)
(-3.25 -0.8 1)
(-3 -0.8 1)
(-2.75 -0.8 1)
(-2.5 -0.8 1)
(-2.25 -0.8 1)
(-2 -0.8 1)
(-1.75 -0.8 1)
(-1.5 -0.8 1)
(-1.25 -0.8 1)
(-1 -0.8 1)
(-0.75 -0.8 1)
(-0.5 -0.8 1)
(-0.25 -0.8 1)
(0 -0.8 1)
(0.25 -0.8 1)
(0.5 -0.8 1)
(0.75 -0.8 1)
(1 -0.8 1)
(1.25 -0.8 1)
(1.5 -0.8 1)
(1.75 -0.8 1)
(2 -0.8 1)
(2.25 -0.8 1)
(2.5 -0.8 1)
(2.75 -0.8 1)
(3 -0.8 1)
(3.25 -0.8 1)
(3.5 -0.8 1)
(3.75 -0.8 1)
(4 -0.8 1)
(4.25 -0.8 1)
(4.5 -0.8 1)
(4.75 -0.8 1)
(5 -0.8 1)
(-5 -0.7 1)
(-4.75 -0.7 1)
(-4.5 -0.7 1)
(-4.25 -0.7 1)
(-4 -0.7 1)
(-3.75 -0.7 1)
(-3.5 -0.7 1)
(-3.25 -0.7 1)
(-3 -0.7 1)
(-2.75 -0.7 1)
(-2.5 -0.7 1)
(-2.25 -0.7 1)
(-2 -0.7 1)
(-1.75 -0.7 1)
(-1.5 -0.7 1)
(-1.25 -0.7 1)
(-1 -0.7 1)
(-0.75 -0.7 1)
(-0.5 -0.7 1)
(-0.25 -0.7 1)
(0 -0.7 1)
(0.25 -0.7 1)
(0.5 -0.7 1)
(0.75 -0.7 1)
(1 -0.7 1)
(1.25 -0.7 1)
(1.5 -0.7 1)
(1.75 -0.7 1)
(2 -0.7 1)
(2.25 -0.7 1)
(2.5 -0.7 1)
(2.75 -0.7 1)
(3 -0.7 1)
(3.25 -0.7 1)
(3.5 -0.7 1)
(3.75 -0.7 1)
(4 -0.7 1)
(4.25 -0.7 1)
(4.5 -0.7 1)
(4.75 -0.7 1)
(5 -0.7 1)
(-5 -0.6 1)
(-4.75 -0.6 1)
(-4.5 -0.6 1)
(-4.25 -0.6 1)
(-4 -0.6 1)
(-3.75 -0.6 1)
(-3.5 -0.6 1)
(-3.25 -0.6 1)
(-3 -0.6 1)
(-2.75 -0.6 1)
(-2.5 -0.6 1)
(-2.25 -0.6 1)
(-2 -0.6 1)
(-1.75 -0.6 1)
(-1.5 -0.6 1)
(-1.25 -0.6 1)
(-1 -0.6 1)
(-0.75 -0.6 1)
(-0.5 -0.6 1)
(-0.25 -0.6 1)
(0 -0.6 1)
(0.25 -0.6 1)
(0.5 -0.6 1)
(0.75 -0.6 1)
(1 -0.6 1)
(1.25 -0.6 1)
(1.5 -0.6 1)
(1.75 -0.6 1)
(2 -0.6 1)
(2.25 -0.6 1)
(2.5 -0.6 1)
(2.75 -0.6 1)
(3 -0.6 1)
(3.25 -0.6 1)
(3.5 -0.6 1)
(3.75 -0.6 1)
(4 -0.6 1)
(4.25 -0.6 1)
(4.5 -0.6 1)
(4.75 -0.6 1)
(5 -0.6 1)
(-5 -0.5 1)
(-4.75 -0.5 1)
(-4.5 -0.5 1)
(-4.25 -0.5 1)
(-4 -0.5 1)
(-3.75 -0.5 1)
(-3.5 -0.5 1)
(-3.25 -0.5 1)
(-3 -0.5 1)
(-2.75 -0.5 1)
(-2.5 -0.5 1)
(-2.25 -0.5 1)
(-2 -0.5 1)
(-1.75 -0.5 1)
(-1.5 -0.5 1)
(-1.25 -0.5 1)
(-1 -0.5 1)
(-0.75 -0.5 1)
(-0.5 -0.5 1)
(-0.25 -0.5 1)
(0 -0.5 1)
(0.25 -0.5 1)
(0.5 -0.5 1)
(0.75 -0.5 1)
(1 -0.5 1)
(1.25 -0.5 1)
(1.5 -0.5 1)
(1.75 -0.5 1)
(2 -0.5 1)
(2.25 -0.5 1)
(2.5 -0.5 1)
(2.75 -0.5 1)
(3 -0.5 1)
(3.25 -0.5 1)
(3.5 -0.5 1)
(3.75 -0.5 1)
(4 -0.5 1)
(4.25 -0.5 1)
(4.5 -0.5 1)
(4.75 -0.5 1)
(5 -0.5 1)
(-5 -0.4 1)
(-4.75 -0.4 1)
(-4.5 -0.4 1)
(-4.25 -0.4 1)
(-4 -0.4 1)
(-3.75 -0.4 1)
(-3.5 -0.4 1)
(-3.25 -0.4 1)
(-3 -0.4 1)
(-2.75 -0.4 1)
(-2.5 -0.4 1)
(-2.25 -0.4 1)
(-2 -0.4 1)
(-1.75 -0.4 1)
(-1.5 -0.4 1)
(-1.25 -0.4 1)
(-1 -0.4 1)
(-0.75 -0.4 1)
(-0.5 -0.4 1)
(-0.25 -0.4 1)
(0 -0.4 1)
(0.25 -0.4 1)
(0.5 -0.4 1)
(0.75 -0.4 1)
(1 -0.4 1)
(1.25 -0.4 1)
(1.5 -0.4 1)
(1.75 -0.4 1)
(2 -0.4 1)
(2.25 -0.4 1)
(2.5 -0.4 1)
(2.75 -0.4 1)
(3 -0.4 1)
(3.25 -0.4 1)
(3.5 -0.4 1)
(3.75 -0.4 1)
(4 -0.4 1)
(4.25 -0.4 1)
(4.5 -0.4 1)
(4.75 -0.4 1)
(5 -0.4 1)
(-5 -0.3 1)
(-4.75 -0.3 1)
(-4.5 -0.3 1)
(-4.25 -0.3 1)
(-4 -0.3 1)
(-3.75 -0.3 1)
(-3.5 -0.3 1)
(-3.25 -0.3 1)
(-3 -0.3 1)
(-2.75 -0.3 1)
(-2.5 -0.3 1)
(-2.25 -0.3 1)
(-2 -0.3 1)
(-1.75 -0.3 1)
(-1.5 -0.3 1)
(-1.25 -0.3 1)
(-1 -0.3 1)
(-0.75 -0.3 1)
(-0.5 -0.3 1)
(-0.25 -0.3 1)
(0 -0.3 1)
(0.25 -0.3 1)
(0.5 -0.3 1)
(0.75 -0.3 1)
(1 -0.3 1)
(1.25 -0.3 1)
(1.5 -0.3 1)
(1.75 -0.3 1)
(2 -0.3 1)
(2.25 -0.3 1)
(2.5 -0.3 1)
(2.75 -0.3 1)
(3 -0.3 1)
(3.25 -0.3 1)
(3.5 -0.3 1)
(3.75 -0.3 1)
(4 -0.3 1)
(4.25 -0.3 1)
(4.5 -0.3 1)
(4.75 -0.3 1)
(5 -0.3 1)
(-5 -0.2 1)
(-4.75 -0.2 1)
(-4.5 -0.2 1)
(-4.25 -0.2 1)
(-4 -0.2 1)
(-3.75 -0.2 1)
(-3.5 -0.2 1)
(-3.25 -0.2 1)
(-3 -0.2 1)
(-2.75 -0.2 1)
(-2.5 -0.2 1)
(-2.25 -0.2 1)
(-2 -0.2 1)
(-1.75 -0.2 1)
(-1.5 -0.2 1)
(-1.25 -0.2 1)
(-1 -0.2 1)
(-0.75 -0.2 1)
(-0.5 -0.2 1)
(-0.25 -0.2 1)
(0 -0.2 1)
(0.25 -0.2 1)
(0.5 -0.2 1)
(0.75 -0.2 1)
(1 -0.2 1)
(1.25 -0.2 1)
(1.5 -0.2 1)
(1.75 -0.2 1)
(2 -0.2 1)
(2.25 -0.2 1)
(2.5 -0.2 1)
(2.75 -0.2 1)
(3 -0.2 1)
(3.25 -0.2 1)
(3.5 -0.2 1)
(3.75 -0.2 1)
(4 -0.2 1)
(4.25 -0.2 1)
(4.5 -0.2 1)
(4.75 -0.2 1)
(5 -0.2 1)
(-5 -0.1 1)
(-4.75 -0.1 1)
(-4.5 -0.1 1)
(-4.25 -0.1 1)
(-4 -0.1 1)
(-3.75 -0.1 1)
(-3.5 -0.1 1)
(-3.25 -0.1 1)
(-3 -0.1 1)
(-2.75 -0.1 1)
(-2.5 -0.1 1)
(-2.25 -0.1 1)
(-2 -0.1 1)
(-1.75 -0.1 1)
(-1.5 -0.1 1)
(-1.25 -0.1 1)
(-1 -0.1 1)
(-0.75 -0.1 1)
(-0.5 -0.1 1)
(-0.25 -0.1 1)
(0 -0.1 1)
(0.25 -0.1 1)
(0.5 -0.1 1)
(0.75 -0.1 1)
(1 -0.1 1)
(1.25 -0.1 1)
(1.5 -0.1 1)
(1.75 -0.1 1)
(2 -0.1 1)
(2.25 -0.1 1)
(2.5 -0.1 1)
(2.75 -0.1 1)
(3 -0.1 1)
(3.25 -0.1 1)
(3.5 -0.1 1)
(3.75 -0.1 1)
(4 -0.1 1)
(4.25 -0.1 1)
(4.5 -0.1 1)
(4.75 -0.1 1)
(5 -0.1 1)
(-5 0 1)
(-4.75 0 1)
(-4.5 0 1)
(-4.25 0 1)
(-4 0 1)
(-3.75 0 1)
(-3.5 0 1)
(-3.25 0 1)
(-3 0 1)
(-2.75 0 1)
(-2.5 0 1)
(-2.25 0 1)
(-2 0 1)
(-1.75 0 1)
(-1.5 0 1)
(-1.25 0 1)
(-1 0 1)
(-0.75 0 1)
(-0.5 0 1)
(-0.25 0 1)
(0 0 1)
(0.25 0 1)
(0.5 0 1)
(0.75 0 1)
(1 0 1)
(1.25 0 1)
(1.5 0 1)
(1.75 0 1)
(2 0 1)
(2.25 0 1)
(2.5 0 1)
(2.75 0 1)
(3 0 1)
(3.25 0 1)
(3.5 0 1)
(3.75 0 1)
(4 0 1)
(4.25 0 1)
(4.5 0 1)
(4.75 0 1)
(5 0 1)
(-5 0.1 1)
(-4.75 0.1 1)
(-4.5 0.1 1)
(-4.25 0.1 1)
(-4 0.1 1)
(-3.75 0.1 1)
(-3.5 0.1 1)
(-3.25 0.1 1)
(-3 0.1 1)
(-2.75 0.1 1)
(-2.5 0.1 1)
(-2.25 0.1 1)
(-2 0.1 1)
(-1.75 0.1 1)
(-1.5 0.1 1)
(-1.25 0.1 1)
(-1 0.1 1)
(-0.75 0.1 1)
(-0.5 0.1 1)
(-0.25 0.1 1)
(0 0.1 1)
(0.25 0.1 1)
(0.5 0.1 1)
(0.75 0.1 1)
(1 0.1 1)
(1.25 0.1 1)
(1.5 0.1 1)
(1.75 0.1 1)
(2 0.1 1)
(2.25 0.1 1)
(2.5 0.1 1)
(2.75 0.1 1)
(3 0.1 1)
(3.25 0.1 1)
(3.5 0.1 1)
(3.75 0.1 1)
(4 0.1 1)
(4.25 0.1 1)
(4.5 0.1 1)
(4.75 0.1 1)
(5 0.1 1)
(-5 0.2 1)
(-4.75 0.2 1)
(-4.5 0.2 1)
(-4.25 0.2 1)
(-4 0.2 1)
(-3.75 0.2 1)
(-3.5 0.2 1)
(-3.25 0.2 1)
(-3 0.2 1)
(-2.75 0.2 1)
(-2.5 0.2 1)
(-2.25 0.2 1)
(-2 0.2 1)
(-1.75 0.2 1)
(-1.5 0.2 1)
(-1.25 0.2 1)
(-1 0.2 1)
(-0.75 0.2 1)
(-0.5 0.2 1)
(-0.25 0.2 1)
(0 0.2 1)
(0.25 0.2 1)
(0.5 0.2 1)
(0.75 0.2 1)
(1 0.2 1)
(1.25 0.2 1)
(1.5 0.2 1)
(1.75 0.2 1)
(2 0.2 1)
(2.25 0.2 1)
(2.5 0.2 1)
(2.75 0.2 1)
(3 0.2 1)
(3.25 0.2 1)
(3.5 0.2 1)
(3.75 0.2 1)
(4 0.2 1)
(4.25 0.2 1)
(4.5 0.2 1)
(4.75 0.2 1)
(5 0.2 1)
(-5 0.3 1)
(-4.75 0.3 1)
(-4.5 0.3 1)
(-4.25 0.3 1)
(-4 0.3 1)
(-3.75 0.3 1)
(-3.5 0.3 1)
(-3.25 0.3 1)
(-3 0.3 1)
(-2.75 0.3 1)
(-2.5 0.3 1)
(-2.25 0.3 1)
(-2 0.3 1)
(-1.75 0.3 1)
(-1.5 0.3 1)
(-1.25 0.3 1)
(-1 0.3 1)
(-0.75 0.3 1)
(-0.5 0.3 1)
(-0.25 0.3 1)
(0 0.3 1)
(0.25 0.3 1)
(0.5 0.3 1)
(0.75 0.3 1)
(1 0.3 1)
(1.25 0.3 1)
(1.5 0.3 1)
(1.75 0.3 1)
(2 0.3 1)
(2.25 0.3 1)
(2.5 0.3 1)
(2.75 0.3 1)
(3 0.3 1)
(3.25 0.3 1)
(3.5 0.3 1)
(3.75 0.3 1)
(4 0.3 1)
(4.25 0.3 1)
(4.5 0.3 1)
(4.75 0.3 1)
(5 0.3 1)
(-5 0.4 1)
(-4.75 0.4 1)
(-4.5 0.4 1)
(-4.25 0.4 1)
(-4 0.4 1)
(-3.75 0.4 1)
(-3.5 0.4 1)
(-3.25 0.4 1)
(-3 0.4 1)
(-2.75 0.4 1)
(-2.5 0.4 1)
(-2.25 0.4 1)
(-2 0.4 1)
(-1.75 0.4 1)
(-1.5 0.4 1)
(-1.25 0.4 1)
(-1 0.4 1)
(-0.75 0.4 1)
(-0.5 0.4 1)
(-0.25 0.4 1)
(0 0.4 1)
(0.25 0.4 1)
(0.5 0.4 1)
(0.75 0.4 1)
(1 0.4 1)
(1.25 0.4 1)
(1.5 0.4 1)
(1.75 0.4 1)
(2 0.4 1)
(2.25 0.4 1)
(2.5 0.4 1)
(2.75 0.4 1)
(3 0.4 1)
(3.25 0.4 1)
(3.5 0.4 1)
(3.75 0.4 1)
(4 0.4 1)
(4.25 0.4 1)
(4.5 0.4 1)
(4.75 0.4 1)
(5 0.4 1)
(-5 0.5 1)
(-4.75 0.5 1)
(-4.5 0.5 1)
(-4.25 0.5 1)
(-4 0.5 1)
(-3.75 0.5 1)
(-3.5 0.5 1)
(-3.25 0.5 1)
(-3 0.5 1)
(-2.75 0.5 1)
(-2.5 0.5 1)
(-2.25 0.5 1)
(-2 0.5 1)
(-1.75 0.5 1)
(-1.5 0.5 1)
(-1.25 0.5 1)
(-1 0.5 1)
(-0.75 0.5 1)
(-0.5 0.5 1)
(-0.25 0.5 1)
(0 0.5 1)
(0.25 0.5 1)
(0.5 0.5 1)
(0.75 0.5 1)
(1 0.5 1)
(1.25 0.5 1)
(1.5 0.5 1)
(1.75 0.5 1)
(2 0.5 1)
(2.25 0.5 1)
(2.5 0.5 1)
(2.75 0.5 1)
(3 0.5 1)
(3.25 0.5 1)
(3.5 0.5 1)
(3.75 0.5 1)
(4 0.5 1)
(4.25 0.5 1)
(4.5 0.5 1)
(4.75 0.5 1)
(5 0.5 1)
(-5 0.6 1)
(-4.75 0.6 1)
(-4.5 0.6 1)
(-4.25 0.6 1)
(-4 0.6 1)
(-3.75 0.6 1)
(-3.5 0.6 1)
(-3.25 0.6 1)
(-3 0.6 1)
(-2.75 0.6 1)
(-2.5 0.6 1)
(-2.25 0.6 1)
(-2 0.6 1)
(-1.75 0.6 1)
(-1.5 0.6 1)
(-1.25 0.6 1)
(-1 0.6 1)
(-0.75 0.6 1)
(-0.5 0.6 1)
(-0.25 0.6 1)
(0 0.6 1)
(0.25 0.6 1)
(0.5 0.6 1)
(0.75 0.6 1)
(1 0.6 1)
(1.25 0.6 1)
(1.5 0.6 1)
(1.75 0.6 1)
(2 0.6 1)
(2.25 0.6 1)
(2.5 0.6 1)
(2.75 0.6 1)
(3 0.6 1)
(3.25 0.6 1)
(3.5 0.6 1)
(3.75 0.6 1)
(4 0.6 1)
(4.25 0.6 1)
(4.5 0.6 1)
(4.75 0.6 1)
(5 0.6 1)
(-5 0.7 1)
(-4.75 0.7 1)
(-4.5 0.7 1)
(-4.25 0.7 1)
(-4 0.7 1)
(-3.75 0.7 1)
(-3.5 0.7 1)
(-3.25 0.7 1)
(-3 0.7 1)
(-2.75 0.7 1)
(-2.5 0.7 1)
(-2.25 0.7 1)
(-2 0.7 1)
(-1.75 0.7 1)
(-1.5 0.7 1)
(-1.25 0.7 1)
(-1 0.7 1)
(-0.75 0.7 1)
(-0.5 0.7 1)
(-0.25 0.7 1)
(0 0.7 1)
(0.25 0.7 1)
(0.5 0.7 1)
(0.75 0.7 1)
(1 0.7 1)
(1.25 0.7 1)
(1.5 0.7 1)
(1.75 0.7 1)
(2 0.7 1)
(2.25 0.7 1)
(2.5 0.7 1)
(2.75 0.7 1)
(3 0.7 1)
(3.25 0.7 1)
(3.5 0.7 1)
(3.75 0.7 1)
(4 0.7 1)
(4.25 0.7 1)
(4.5 0.7 1)
(4.75 0.7 1)
(5 0.7 1)
(-5 0.8 1)
(-4.75 0.8 1)
(-4.5 0.8 1)
(-4.25 0.8 1)
(-4 0.8 1)
(-3.75 0.8 1)
(-3.5 0.8 1)
(-3.25 0.8 1)
(-3 0.8 1)
(-2.75 0.8 1)
(-2.5 0.8 1)
(-2.25 0.8 1)
(-2 0.8 1)
(-1.75 0.8 1)
(-1.5 0.8 1)
(-1.25 0.8 1)
(-1 0.8 1)
(-0.75 0.8 1)
(-0.5 0.8 1)
(-0.25 0.8 1)
(0 0.8 1)
(0.25 0.8 1)
(0.5 0.8 1)
(0.75 0.8 1)
(1 0.8 1)
(1.25 0.8 1)
(1.5 0.8 1)
(1.75 0.8 1)
(2 0.8 1)
(2.25 0.8 1)
(2.5 0.8 1)
(2.75 0.8 1)
(3 0.8 1)
(3.25 0.8 1)
(3.5 0.8 1)
(3.75 0.8 1)
(4 0.8 1)
(4.25 0.8 1)
(4.5 0.8 1)
(4.75 0.8 1)
(5 0.8 1)
(-5 0.9 1)
(-4.75 0.9 1)
(-4.5 0.9 1)
(-4.25 0.9 1)
(-4 0.9 1)
(-3.75 0.9 1)
(-3.5 0.9 1)
(-3.25 0.9 1)
(-3 0.9 1)
(-2.75 0.9 1)
(-2.5 0.9 1)
(-2.25 0.9 1)
(-2 0.9 1)
(-1.75 0.9 1)
(-1.5 0.9 1)
(-1.25 0.9 1)
(-1 0.9 1)
(-0.75 0.9 1)
(-0.5 0.9 1)
(-0.25 0.9 1)
(0 0.9 1)
(0.25 0.9 1)
(0.5 0.9 1)
(0.75 0.9 1)
(1 0.9 1)
(1.25 0.9 1)
(1.5 0.9 1)
(1.75 0.9 1)
(2 0.9 1)
(2.25 0.9 1)
(2.5 0.9 1)
(2.75 0.9 1)
(3 0.9 1)
(3.25 0.9 1)
(3.5 0.9 1)
(3.75 0.9 1)
(4 0.9 1)
(4.25 0.9 1)
(4.5 0.9 1)
(4.75 0.9 1)
(5 0.9 1)
(-5 1 1)
(-4.75 1 1)
(-4.5 1 1)
(-4.25 1 1)
(-4 1 1)
(-3.75 1 1)
(-3.5 1 1)
(-3.25 1 1)
(-3 1 1)
(-2.75 1 1)
(-2.5 1 1)
(-2.25 1 1)
(-2 1 1)
(-1.75 1 1)
(-1.5 1 1)
(-1.25 1 1)
(-1 1 1)
(-0.75 1 1)
(-0.5 1 1)
(-0.25 1 1)
(0 1 1)
(0.25 1 1)
(0.5 1 1)
(0.75 1 1)
(1 1 1)
(1.25 1 1)
(1.5 1 1)
(1.75 1 1)
(2 1 1)
(2.25 1 1)
(2.5 1 1)
(2.75 1 1)
(3 1 1)
(3.25 1 1)
(3.5 1 1)
(3.75 1 1)
(4 1 1)
(4.25 1 1)
(4.5 1 1)
(4.75 1 1)
(5 1 1)
)


// ************************************************************************* //
