/*--------------------------------*- C++ -*----------------------------------*\
| =========                 |                                                 |
| \\      /  F ield         | OpenFOAM: The Open Source CFD Toolbox           |
|  \\    /   O peration     | Version:  2206                                  |
|   \\  /    A nd           | Website:  www.openfoam.com                      |
|    \\/     M anipulation  |                                                 |
\*---------------------------------------------------------------------------*/
FoamFile
{
    version     2.0;
    format      ascii;
    arch        "LSB;label=32;scalar=64";
    class       volScalarField;
    location    "3";
    object      T;
}
// * * * * * * * * * * * * * * * * * * * * * * * * * * * * * * * * * * * * * //

dimensions      [0 0 0 1 0 0 0];

internalField   nonuniform List<scalar> 
800
(
0.236265
0.052406
0.0971496
0.0147619
-0.0140861
0.0782589
-0.104631
0.115418
-0.0843564
0.0256686
0.0369942
-0.0689447
0.0524394
-0.00268916
-0.0383577
0.0369279
-0.001152
-0.025933
0.0160423
0.00952125
-0.0126009
-0.00274794
0.00433583
0.00492158
0.0110974
0.00585764
0.00594309
0.0788368
0.255041
0.473896
0.634304
0.675128
0.603984
0.470282
0.327098
0.206212
0.120873
0.0641831
0.0352792
0.0127426
0.236265
0.052406
0.0971496
0.0147619
-0.0140861
0.0782589
-0.104631
0.115418
-0.0843564
0.0256686
0.0369942
-0.0689447
0.0524394
-0.00268916
-0.0383577
0.0369279
-0.001152
-0.025933
0.0160423
0.00952125
-0.0126009
-0.00274794
0.00433583
0.00492158
0.0110974
0.00585764
0.00594309
0.0788368
0.255041
0.473896
0.634304
0.675128
0.603984
0.470282
0.327098
0.206212
0.120873
0.0641831
0.0352792
0.0127426
0.236265
0.052406
0.0971496
0.0147619
-0.0140861
0.0782589
-0.104631
0.115418
-0.0843564
0.0256686
0.0369942
-0.0689447
0.0524394
-0.00268916
-0.0383577
0.0369279
-0.001152
-0.025933
0.0160423
0.00952125
-0.0126009
-0.00274794
0.00433583
0.00492158
0.0110974
0.00585764
0.00594309
0.0788368
0.255041
0.473896
0.634304
0.675128
0.603984
0.470282
0.327098
0.206212
0.120873
0.0641831
0.0352792
0.0127426
0.236265
0.052406
0.0971496
0.0147619
-0.0140861
0.0782589
-0.104631
0.115418
-0.0843564
0.0256686
0.0369942
-0.0689447
0.0524394
-0.00268916
-0.0383577
0.0369279
-0.001152
-0.025933
0.0160423
0.00952125
-0.0126009
-0.00274794
0.00433583
0.00492158
0.0110974
0.00585764
0.00594309
0.0788368
0.255041
0.473896
0.634304
0.675128
0.603984
0.470282
0.327098
0.206212
0.120873
0.0641831
0.0352792
0.0127426
0.236265
0.052406
0.0971496
0.0147619
-0.0140861
0.0782589
-0.104631
0.115418
-0.0843564
0.0256686
0.0369942
-0.0689447
0.0524394
-0.00268916
-0.0383577
0.0369279
-0.001152
-0.025933
0.0160423
0.00952125
-0.0126009
-0.00274794
0.00433583
0.00492158
0.0110974
0.00585764
0.00594309
0.0788368
0.255041
0.473896
0.634304
0.675128
0.603984
0.470282
0.327098
0.206212
0.120873
0.0641831
0.0352792
0.0127426
0.236265
0.052406
0.0971496
0.0147619
-0.0140861
0.0782589
-0.104631
0.115418
-0.0843564
0.0256686
0.0369942
-0.0689447
0.0524394
-0.00268916
-0.0383577
0.0369279
-0.001152
-0.025933
0.0160423
0.00952125
-0.0126009
-0.00274794
0.00433583
0.00492158
0.0110974
0.00585764
0.00594309
0.0788368
0.255041
0.473896
0.634304
0.675128
0.603984
0.470282
0.327098
0.206212
0.120873
0.0641831
0.0352792
0.0127426
0.236265
0.052406
0.0971496
0.0147619
-0.0140861
0.0782589
-0.104631
0.115418
-0.0843564
0.0256686
0.0369942
-0.0689447
0.0524394
-0.00268916
-0.0383577
0.0369279
-0.001152
-0.025933
0.0160423
0.00952125
-0.0126009
-0.00274794
0.00433583
0.00492158
0.0110974
0.00585764
0.00594309
0.0788368
0.255041
0.473896
0.634304
0.675128
0.603984
0.470282
0.327098
0.206212
0.120873
0.0641831
0.0352792
0.0127426
0.236265
0.052406
0.0971496
0.0147619
-0.0140861
0.0782589
-0.104631
0.115418
-0.0843564
0.0256686
0.0369942
-0.0689447
0.0524394
-0.00268916
-0.0383577
0.0369279
-0.001152
-0.025933
0.0160423
0.00952125
-0.0126009
-0.00274794
0.00433583
0.00492158
0.0110974
0.00585764
0.00594309
0.0788368
0.255041
0.473896
0.634304
0.675128
0.603984
0.470282
0.327098
0.206212
0.120873
0.0641831
0.0352792
0.0127426
0.236265
0.052406
0.0971496
0.0147619
-0.0140861
0.0782589
-0.104631
0.115418
-0.0843564
0.0256686
0.0369942
-0.0689447
0.0524394
-0.00268916
-0.0383577
0.0369279
-0.001152
-0.025933
0.0160423
0.00952125
-0.0126009
-0.00274794
0.00433583
0.00492158
0.0110974
0.00585764
0.00594309
0.0788368
0.255041
0.473896
0.634304
0.675128
0.603984
0.470282
0.327098
0.206212
0.120873
0.0641831
0.0352792
0.0127426
0.236265
0.052406
0.0971496
0.0147619
-0.0140861
0.0782589
-0.104631
0.115418
-0.0843564
0.0256686
0.0369942
-0.0689447
0.0524394
-0.00268916
-0.0383577
0.0369279
-0.001152
-0.025933
0.0160423
0.00952125
-0.0126009
-0.00274794
0.00433583
0.00492158
0.0110974
0.00585764
0.00594309
0.0788368
0.255041
0.473896
0.634304
0.675128
0.603984
0.470282
0.327098
0.206212
0.120873
0.0641831
0.0352792
0.0127426
0.236265
0.052406
0.0971496
0.0147619
-0.0140861
0.0782589
-0.104631
0.115418
-0.0843564
0.0256686
0.0369942
-0.0689447
0.0524394
-0.00268916
-0.0383577
0.0369279
-0.001152
-0.025933
0.0160423
0.00952125
-0.0126009
-0.00274794
0.00433583
0.00492158
0.0110974
0.00585764
0.00594309
0.0788368
0.255041
0.473896
0.634304
0.675128
0.603984
0.470282
0.327098
0.206212
0.120873
0.0641831
0.0352792
0.0127426
0.236265
0.052406
0.0971496
0.0147619
-0.0140861
0.0782589
-0.104631
0.115418
-0.0843564
0.0256686
0.0369942
-0.0689447
0.0524394
-0.00268916
-0.0383577
0.0369279
-0.001152
-0.025933
0.0160423
0.00952125
-0.0126009
-0.00274794
0.00433583
0.00492158
0.0110974
0.00585764
0.00594309
0.0788368
0.255041
0.473896
0.634304
0.675128
0.603984
0.470282
0.327098
0.206212
0.120873
0.0641831
0.0352792
0.0127426
0.236265
0.052406
0.0971496
0.0147619
-0.0140861
0.0782589
-0.104631
0.115418
-0.0843564
0.0256686
0.0369942
-0.0689447
0.0524394
-0.00268916
-0.0383577
0.0369279
-0.001152
-0.025933
0.0160423
0.00952125
-0.0126009
-0.00274794
0.00433583
0.00492158
0.0110974
0.00585764
0.00594309
0.0788368
0.255041
0.473896
0.634304
0.675128
0.603984
0.470282
0.327098
0.206212
0.120873
0.0641831
0.0352792
0.0127426
0.236265
0.052406
0.0971496
0.0147619
-0.0140861
0.0782589
-0.104631
0.115418
-0.0843564
0.0256686
0.0369942
-0.0689447
0.0524394
-0.00268916
-0.0383577
0.0369279
-0.001152
-0.025933
0.0160423
0.00952125
-0.0126009
-0.00274794
0.00433583
0.00492158
0.0110974
0.00585764
0.00594309
0.0788368
0.255041
0.473896
0.634304
0.675128
0.603984
0.470282
0.327098
0.206212
0.120873
0.0641831
0.0352792
0.0127426
0.236265
0.052406
0.0971496
0.0147619
-0.0140861
0.0782589
-0.104631
0.115418
-0.0843564
0.0256686
0.0369942
-0.0689447
0.0524394
-0.00268916
-0.0383577
0.0369279
-0.001152
-0.025933
0.0160423
0.00952125
-0.0126009
-0.00274794
0.00433583
0.00492158
0.0110974
0.00585764
0.00594309
0.0788368
0.255041
0.473896
0.634304
0.675128
0.603984
0.470282
0.327098
0.206212
0.120873
0.0641831
0.0352792
0.0127426
0.236265
0.052406
0.0971496
0.0147619
-0.0140861
0.0782589
-0.104631
0.115418
-0.0843564
0.0256686
0.0369942
-0.0689447
0.0524394
-0.00268916
-0.0383577
0.0369279
-0.001152
-0.025933
0.0160423
0.00952125
-0.0126009
-0.00274794
0.00433583
0.00492158
0.0110974
0.00585764
0.00594309
0.0788368
0.255041
0.473896
0.634304
0.675128
0.603984
0.470282
0.327098
0.206212
0.120873
0.0641831
0.0352792
0.0127426
0.236265
0.052406
0.0971496
0.0147619
-0.0140861
0.0782589
-0.104631
0.115418
-0.0843564
0.0256686
0.0369942
-0.0689447
0.0524394
-0.00268916
-0.0383577
0.0369279
-0.001152
-0.025933
0.0160423
0.00952125
-0.0126009
-0.00274794
0.00433583
0.00492158
0.0110974
0.00585764
0.00594309
0.0788368
0.255041
0.473896
0.634304
0.675128
0.603984
0.470282
0.327098
0.206212
0.120873
0.0641831
0.0352792
0.0127426
0.236265
0.052406
0.0971496
0.0147619
-0.0140861
0.0782589
-0.104631
0.115418
-0.0843564
0.0256686
0.0369942
-0.0689447
0.0524394
-0.00268916
-0.0383577
0.0369279
-0.001152
-0.025933
0.0160423
0.00952125
-0.0126009
-0.00274794
0.00433583
0.00492158
0.0110974
0.00585764
0.00594309
0.0788368
0.255041
0.473896
0.634304
0.675128
0.603984
0.470282
0.327098
0.206212
0.120873
0.0641831
0.0352792
0.0127426
0.236265
0.052406
0.0971496
0.0147619
-0.0140861
0.0782589
-0.104631
0.115418
-0.0843564
0.0256686
0.0369942
-0.0689447
0.0524394
-0.00268916
-0.0383577
0.0369279
-0.001152
-0.025933
0.0160423
0.00952125
-0.0126009
-0.00274794
0.00433583
0.00492158
0.0110974
0.00585764
0.00594309
0.0788368
0.255041
0.473896
0.634304
0.675128
0.603984
0.470282
0.327098
0.206212
0.120873
0.0641831
0.0352792
0.0127426
0.236265
0.052406
0.0971496
0.0147619
-0.0140861
0.0782589
-0.104631
0.115418
-0.0843564
0.0256686
0.0369942
-0.0689447
0.0524394
-0.00268916
-0.0383577
0.0369279
-0.001152
-0.025933
0.0160423
0.00952125
-0.0126009
-0.00274794
0.00433583
0.00492158
0.0110974
0.00585764
0.00594309
0.0788368
0.255041
0.473896
0.634304
0.675128
0.603984
0.470282
0.327098
0.206212
0.120873
0.0641831
0.0352792
0.0127426
)
;

boundaryField
{
    sides
    {
        type            zeroGradient;
    }
    empty
    {
        type            empty;
    }
}


// ************************************************************************* //
