/*--------------------------------*- C++ -*----------------------------------*\
| =========                 |                                                 |
| \\      /  F ield         | OpenFOAM: The Open Source CFD Toolbox           |
|  \\    /   O peration     | Version:  2206                                  |
|   \\  /    A nd           | Website:  www.openfoam.com                      |
|    \\/     M anipulation  |                                                 |
\*---------------------------------------------------------------------------*/
FoamFile
{
    version     2.0;
    format      ascii;
    arch        "LSB;label=32;scalar=64";
    class       volScalarField;
    location    "2";
    object      T;
}
// * * * * * * * * * * * * * * * * * * * * * * * * * * * * * * * * * * * * * //

dimensions      [0 0 0 1 0 0 0];

internalField   nonuniform List<scalar> 
800
(
0.0107611
-0.00784225
0.0177418
-0.0274915
0.0419395
-0.0576416
0.070497
-0.0723777
0.0537254
-0.00822641
-0.0592929
0.126666
-0.157997
0.123692
-0.0304171
-0.0655054
0.0917236
-0.0314212
-0.0418026
0.0416882
0.0125431
-0.0108572
-0.000346318
0.0240902
0.16757
0.449523
0.709025
0.792584
0.692711
0.502563
0.315118
0.175776
0.0891276
0.0417612
0.0183146
0.00759155
0.0030022
0.00113025
0.000429178
0.000115071
0.0107611
-0.00784225
0.0177418
-0.0274915
0.0419395
-0.0576416
0.070497
-0.0723777
0.0537254
-0.00822641
-0.0592929
0.126666
-0.157997
0.123692
-0.0304171
-0.0655054
0.0917236
-0.0314212
-0.0418026
0.0416882
0.0125431
-0.0108572
-0.000346318
0.0240902
0.16757
0.449523
0.709025
0.792584
0.692711
0.502563
0.315118
0.175776
0.0891276
0.0417612
0.0183146
0.00759155
0.0030022
0.00113025
0.000429178
0.000115071
0.0107611
-0.00784225
0.0177418
-0.0274915
0.0419395
-0.0576416
0.070497
-0.0723777
0.0537254
-0.00822641
-0.0592929
0.126666
-0.157997
0.123692
-0.0304171
-0.0655054
0.0917236
-0.0314212
-0.0418026
0.0416882
0.0125431
-0.0108572
-0.000346318
0.0240902
0.16757
0.449523
0.709025
0.792584
0.692711
0.502563
0.315118
0.175776
0.0891276
0.0417612
0.0183146
0.00759155
0.0030022
0.00113025
0.000429178
0.000115071
0.0107611
-0.00784225
0.0177418
-0.0274915
0.0419395
-0.0576416
0.070497
-0.0723777
0.0537254
-0.00822641
-0.0592929
0.126666
-0.157997
0.123692
-0.0304171
-0.0655054
0.0917236
-0.0314212
-0.0418026
0.0416882
0.0125431
-0.0108572
-0.000346318
0.0240902
0.16757
0.449523
0.709025
0.792584
0.692711
0.502563
0.315118
0.175776
0.0891276
0.0417612
0.0183146
0.00759155
0.0030022
0.00113025
0.000429178
0.000115071
0.0107611
-0.00784225
0.0177418
-0.0274915
0.0419395
-0.0576416
0.070497
-0.0723777
0.0537254
-0.00822641
-0.0592929
0.126666
-0.157997
0.123692
-0.0304171
-0.0655054
0.0917236
-0.0314212
-0.0418026
0.0416882
0.0125431
-0.0108572
-0.000346318
0.0240902
0.16757
0.449523
0.709025
0.792584
0.692711
0.502563
0.315118
0.175776
0.0891276
0.0417612
0.0183146
0.00759155
0.0030022
0.00113025
0.000429178
0.000115071
0.0107611
-0.00784225
0.0177418
-0.0274915
0.0419395
-0.0576416
0.070497
-0.0723777
0.0537254
-0.00822641
-0.0592929
0.126666
-0.157997
0.123692
-0.0304171
-0.0655054
0.0917236
-0.0314212
-0.0418026
0.0416882
0.0125431
-0.0108572
-0.000346318
0.0240902
0.16757
0.449523
0.709025
0.792584
0.692711
0.502563
0.315118
0.175776
0.0891276
0.0417612
0.0183146
0.00759155
0.0030022
0.00113025
0.000429178
0.000115071
0.0107611
-0.00784225
0.0177418
-0.0274915
0.0419395
-0.0576416
0.070497
-0.0723777
0.0537254
-0.00822641
-0.0592929
0.126666
-0.157997
0.123692
-0.0304171
-0.0655054
0.0917236
-0.0314212
-0.0418026
0.0416882
0.0125431
-0.0108572
-0.000346318
0.0240902
0.16757
0.449523
0.709025
0.792584
0.692711
0.502563
0.315118
0.175776
0.0891276
0.0417612
0.0183146
0.00759155
0.0030022
0.00113025
0.000429178
0.000115071
0.0107611
-0.00784225
0.0177418
-0.0274915
0.0419395
-0.0576416
0.070497
-0.0723777
0.0537254
-0.00822641
-0.0592929
0.126666
-0.157997
0.123692
-0.0304171
-0.0655054
0.0917236
-0.0314212
-0.0418026
0.0416882
0.0125431
-0.0108572
-0.000346318
0.0240902
0.16757
0.449523
0.709025
0.792584
0.692711
0.502563
0.315118
0.175776
0.0891276
0.0417612
0.0183146
0.00759155
0.0030022
0.00113025
0.000429178
0.000115071
0.0107611
-0.00784225
0.0177418
-0.0274915
0.0419395
-0.0576416
0.070497
-0.0723777
0.0537254
-0.00822641
-0.0592929
0.126666
-0.157997
0.123692
-0.0304171
-0.0655054
0.0917236
-0.0314212
-0.0418026
0.0416882
0.0125431
-0.0108572
-0.000346318
0.0240902
0.16757
0.449523
0.709025
0.792584
0.692711
0.502563
0.315118
0.175776
0.0891276
0.0417612
0.0183146
0.00759155
0.0030022
0.00113025
0.000429178
0.000115071
0.0107611
-0.00784225
0.0177418
-0.0274915
0.0419395
-0.0576416
0.070497
-0.0723777
0.0537254
-0.00822641
-0.0592929
0.126666
-0.157997
0.123692
-0.0304171
-0.0655054
0.0917236
-0.0314212
-0.0418026
0.0416882
0.0125431
-0.0108572
-0.000346318
0.0240902
0.16757
0.449523
0.709025
0.792584
0.692711
0.502563
0.315118
0.175776
0.0891276
0.0417612
0.0183146
0.00759155
0.0030022
0.00113025
0.000429178
0.000115071
0.0107611
-0.00784225
0.0177418
-0.0274915
0.0419395
-0.0576416
0.070497
-0.0723777
0.0537254
-0.00822641
-0.0592929
0.126666
-0.157997
0.123692
-0.0304171
-0.0655054
0.0917236
-0.0314212
-0.0418026
0.0416882
0.0125431
-0.0108572
-0.000346318
0.0240902
0.16757
0.449523
0.709025
0.792584
0.692711
0.502563
0.315118
0.175776
0.0891276
0.0417612
0.0183146
0.00759155
0.0030022
0.00113025
0.000429178
0.000115071
0.0107611
-0.00784225
0.0177418
-0.0274915
0.0419395
-0.0576416
0.070497
-0.0723777
0.0537254
-0.00822641
-0.0592929
0.126666
-0.157997
0.123692
-0.0304171
-0.0655054
0.0917236
-0.0314212
-0.0418026
0.0416882
0.0125431
-0.0108572
-0.000346318
0.0240902
0.16757
0.449523
0.709025
0.792584
0.692711
0.502563
0.315118
0.175776
0.0891276
0.0417612
0.0183146
0.00759155
0.0030022
0.00113025
0.000429178
0.000115071
0.0107611
-0.00784225
0.0177418
-0.0274915
0.0419395
-0.0576416
0.070497
-0.0723777
0.0537254
-0.00822641
-0.0592929
0.126666
-0.157997
0.123692
-0.0304171
-0.0655054
0.0917236
-0.0314212
-0.0418026
0.0416882
0.0125431
-0.0108572
-0.000346318
0.0240902
0.16757
0.449523
0.709025
0.792584
0.692711
0.502563
0.315118
0.175776
0.0891276
0.0417612
0.0183146
0.00759155
0.0030022
0.00113025
0.000429178
0.000115071
0.0107611
-0.00784225
0.0177418
-0.0274915
0.0419395
-0.0576416
0.070497
-0.0723777
0.0537254
-0.00822641
-0.0592929
0.126666
-0.157997
0.123692
-0.0304171
-0.0655054
0.0917236
-0.0314212
-0.0418026
0.0416882
0.0125431
-0.0108572
-0.000346318
0.0240902
0.16757
0.449523
0.709025
0.792584
0.692711
0.502563
0.315118
0.175776
0.0891276
0.0417612
0.0183146
0.00759155
0.0030022
0.00113025
0.000429178
0.000115071
0.0107611
-0.00784225
0.0177418
-0.0274915
0.0419395
-0.0576416
0.070497
-0.0723777
0.0537254
-0.00822641
-0.0592929
0.126666
-0.157997
0.123692
-0.0304171
-0.0655054
0.0917236
-0.0314212
-0.0418026
0.0416882
0.0125431
-0.0108572
-0.000346318
0.0240902
0.16757
0.449523
0.709025
0.792584
0.692711
0.502563
0.315118
0.175776
0.0891276
0.0417612
0.0183146
0.00759155
0.0030022
0.00113025
0.000429178
0.000115071
0.0107611
-0.00784225
0.0177418
-0.0274915
0.0419395
-0.0576416
0.070497
-0.0723777
0.0537254
-0.00822641
-0.0592929
0.126666
-0.157997
0.123692
-0.0304171
-0.0655054
0.0917236
-0.0314212
-0.0418026
0.0416882
0.0125431
-0.0108572
-0.000346318
0.0240902
0.16757
0.449523
0.709025
0.792584
0.692711
0.502563
0.315118
0.175776
0.0891276
0.0417612
0.0183146
0.00759155
0.0030022
0.00113025
0.000429178
0.000115071
0.0107611
-0.00784225
0.0177418
-0.0274915
0.0419395
-0.0576416
0.070497
-0.0723777
0.0537254
-0.00822641
-0.0592929
0.126666
-0.157997
0.123692
-0.0304171
-0.0655054
0.0917236
-0.0314212
-0.0418026
0.0416882
0.0125431
-0.0108572
-0.000346318
0.0240902
0.16757
0.449523
0.709025
0.792584
0.692711
0.502563
0.315118
0.175776
0.0891276
0.0417612
0.0183146
0.00759155
0.0030022
0.00113025
0.000429178
0.000115071
0.0107611
-0.00784225
0.0177418
-0.0274915
0.0419395
-0.0576416
0.070497
-0.0723777
0.0537254
-0.00822641
-0.0592929
0.126666
-0.157997
0.123692
-0.0304171
-0.0655054
0.0917236
-0.0314212
-0.0418026
0.0416882
0.0125431
-0.0108572
-0.000346318
0.0240902
0.16757
0.449523
0.709025
0.792584
0.692711
0.502563
0.315118
0.175776
0.0891276
0.0417612
0.0183146
0.00759155
0.0030022
0.00113025
0.000429178
0.000115071
0.0107611
-0.00784225
0.0177418
-0.0274915
0.0419395
-0.0576416
0.070497
-0.0723777
0.0537254
-0.00822641
-0.0592929
0.126666
-0.157997
0.123692
-0.0304171
-0.0655054
0.0917236
-0.0314212
-0.0418026
0.0416882
0.0125431
-0.0108572
-0.000346318
0.0240902
0.16757
0.449523
0.709025
0.792584
0.692711
0.502563
0.315118
0.175776
0.0891276
0.0417612
0.0183146
0.00759155
0.0030022
0.00113025
0.000429178
0.000115071
0.0107611
-0.00784225
0.0177418
-0.0274915
0.0419395
-0.0576416
0.070497
-0.0723777
0.0537254
-0.00822641
-0.0592929
0.126666
-0.157997
0.123692
-0.0304171
-0.0655054
0.0917236
-0.0314212
-0.0418026
0.0416882
0.0125431
-0.0108572
-0.000346318
0.0240902
0.16757
0.449523
0.709025
0.792584
0.692711
0.502563
0.315118
0.175776
0.0891276
0.0417612
0.0183146
0.00759155
0.0030022
0.00113025
0.000429178
0.000115071
)
;

boundaryField
{
    sides
    {
        type            zeroGradient;
    }
    empty
    {
        type            empty;
    }
}


// ************************************************************************* //
