0 	0.0234764
0.0050025 	0.0225655
0.010005 	0.0216546
0.0150075 	0.0207437
0.02001 	0.0198328
0.0250125 	0.0189218
0.030015 	0.0180109
0.0350175 	0.0171
0.04002 	0.0161891
0.0450225 	0.0152782
0.050025 	0.0143703
0.0550275 	0.0140789
0.06003 	0.0137874
0.0650325 	0.013496
0.070035 	0.0132045
0.0750375 	0.0129131
0.08004 	0.0126216
0.0850425 	0.0123302
0.090045 	0.0120387
0.0950475 	0.0117473
0.10005 	0.0114524
0.105053 	0.0108173
0.110055 	0.0101822
0.115058 	0.0095471
0.12006 	0.00891201
0.125063 	0.00827691
0.130065 	0.00764182
0.135068 	0.00700673
0.14007 	0.00637163
0.145073 	0.00573654
0.150075 	0.0051126
0.155078 	0.00522136
0.16008 	0.00533012
0.165083 	0.00543888
0.170085 	0.00554764
0.175088 	0.0056564
0.18009 	0.00576516
0.185093 	0.00587392
0.190095 	0.00598268
0.195098 	0.00609144
0.2001 	0.00618669
0.205103 	0.00562002
0.210105 	0.00505335
0.215108 	0.00448668
0.22011 	0.00392001
0.225113 	0.00335334
0.230115 	0.00278667
0.235118 	0.00222
0.24012 	0.00165333
0.245123 	0.00108666
0.250125 	0.000543254
0.255128 	0.000907307
0.26013 	0.00127136
0.265133 	0.00163541
0.270135 	0.00199947
0.275138 	0.00236352
0.28014 	0.00272757
0.285143 	0.00309162
0.290145 	0.00345568
0.295148 	0.00381973
0.30015 	0.00415569
0.305153 	0.00358334
0.310155 	0.00301099
0.315158 	0.00243865
0.32016 	0.0018663
0.325163 	0.00129395
0.330165 	0.0007216
0.335168 	0.000149252
0.34017 	-0.000423096
0.345173 	-0.000995445
0.350175 	-0.00153099
0.355178 	-0.00105195
0.36018 	-0.000572914
0.365183 	-9.38742e-05
0.370185 	0.000385166
0.375188 	0.000864206
0.38019 	0.00134325
0.385193 	0.00182229
0.390195 	0.00230133
0.395198 	0.00278037
0.4002 	0.00321938
0.405203 	0.00269769
0.410205 	0.00217601
0.415208 	0.00165433
0.42021 	0.00113264
0.425213 	0.00061096
0.430215 	8.9277e-05
0.435218 	-0.000432406
0.44022 	-0.00095409
0.445223 	-0.00147577
0.450225 	-0.00195563
0.455228 	-0.00154776
0.46023 	-0.00113989
0.465233 	-0.000732024
0.470235 	-0.000324157
0.475238 	8.37106e-05
0.48024 	0.000491578
0.485243 	0.000899446
0.490245 	0.00130731
0.495248 	0.00171518
0.50025 	0.00208729
0.505253 	0.00177995
0.510255 	0.00147261
0.515258 	0.00116527
0.52026 	0.000857931
0.525263 	0.000550591
0.530265 	0.000243252
0.535268 	-6.40873e-05
0.54027 	-0.000371427
0.545273 	-0.000678766
0.550275 	-0.000962968
0.555278 	-0.000849639
0.56028 	-0.000736309
0.565283 	-0.00062298
0.570285 	-0.00050965
0.575288 	-0.000396321
0.58029 	-0.000282991
0.585293 	-0.000169662
0.590295 	-5.63322e-05
0.595298 	5.69973e-05
0.6003 	0.000169517
0.605303 	0.000269353
0.610305 	0.000369188
0.615308 	0.000469024
0.62031 	0.000568859
0.625313 	0.000668695
0.630315 	0.000768531
0.635318 	0.000868366
0.64032 	0.000968202
0.645323 	0.00106804
0.650325 	0.00113852
0.655328 	0.000786812
0.66033 	0.000435102
0.665333 	8.33923e-05
0.670335 	-0.000268318
0.675338 	-0.000620028
0.68034 	-0.000971738
0.685343 	-0.00132345
0.690345 	-0.00167516
0.695348 	-0.00202687
0.70035 	-0.00231254
0.705353 	-0.00172091
0.710355 	-0.00112928
0.715358 	-0.000537651
0.72036 	5.39802e-05
0.725363 	0.000645611
0.730365 	0.00123724
0.735368 	0.00182887
0.74037 	0.0024205
0.745373 	0.00301214
0.750375 	0.00349943
0.755378 	0.00269987
0.76038 	0.00190032
0.765383 	0.00110077
0.770385 	0.000301212
0.775388 	-0.000498342
0.78039 	-0.0012979
0.785393 	-0.00209745
0.790395 	-0.002897
0.795398 	-0.00369656
0.8004 	-0.00435734
0.805403 	-0.00342218
0.810405 	-0.00248702
0.815408 	-0.00155186
0.82041 	-0.0006167
0.825413 	0.000318459
0.830415 	0.00125362
0.835418 	0.00218878
0.84042 	0.00312393
0.845423 	0.00405909
0.850425 	0.00483163
0.855428 	0.00385356
0.86043 	0.00287549
0.865433 	0.00189742
0.870435 	0.00091935
0.875438 	-5.87192e-05
0.88044 	-0.00103679
0.885443 	-0.00201486
0.890445 	-0.00299293
0.895448 	-0.003971
0.90045 	-0.00477853
0.905453 	-0.00386173
0.910455 	-0.00294494
0.915458 	-0.00202815
0.92046 	-0.00111135
0.925463 	-0.000194558
0.930465 	0.000722236
0.935468 	0.00163903
0.94047 	0.00255582
0.945473 	0.00347262
0.950475 	0.0042297
0.955478 	0.00346528
0.96048 	0.00270086
0.965483 	0.00193645
0.970485 	0.00117203
0.975488 	0.000407616
0.98049 	-0.000356801
0.985493 	-0.00112122
0.990495 	-0.00188563
0.995498 	-0.00265005
1.0005 	-0.00328268
1.0055 	-0.00272924
1.01051 	-0.00217579
1.01551 	-0.00162235
1.02051 	-0.00106891
1.02551 	-0.000515464
1.03052 	3.79793e-05
1.03552 	0.000591422
1.04052 	0.00114487
1.04552 	0.00169831
1.05053 	0.00215862
1.05553 	0.00182505
1.06053 	0.00149149
1.06553 	0.00115792
1.07054 	0.000824356
1.07554 	0.000490791
1.08054 	0.000157226
1.08554 	-0.000176339
1.09055 	-0.000509904
1.09555 	-0.000843469
1.10055 	-0.0011229
1.10555 	-0.000964305
1.11056 	-0.000805713
1.11556 	-0.00064712
1.12056 	-0.000488528
1.12556 	-0.000329936
1.13057 	-0.000171344
1.13557 	-1.2752e-05
1.14057 	0.00014584
1.14557 	0.000304432
1.15058 	0.000436448
1.15558 	0.000363946
1.16058 	0.000291443
1.16558 	0.00021894
1.17059 	0.000146437
1.17559 	7.39344e-05
1.18059 	1.43155e-06
1.18559 	-7.10713e-05
1.1906 	-0.000143574
1.1956 	-0.000216077
1.2006 	-0.000268505
1.2056 	-0.000173715
1.21061 	-7.89257e-05
1.21561 	1.58638e-05
1.22061 	0.000110653
1.22561 	0.000205443
1.23062 	0.000300232
1.23562 	0.000395022
1.24062 	0.000489811
1.24562 	0.000584601
1.25063 	0.000640998
1.25563 	0.000428653
1.26063 	0.000216307
1.26563 	3.96138e-06
1.27064 	-0.000208384
1.27564 	-0.00042073
1.28064 	-0.000633076
1.28564 	-0.000845421
1.29065 	-0.00105777
1.29565 	-0.00127011
1.30065 	-0.00140536
1.30565 	-0.00102463
1.31066 	-0.000643899
1.31566 	-0.000263169
1.32066 	0.00011756
1.32566 	0.00049829
1.33067 	0.00087902
1.33567 	0.00125975
1.34067 	0.00164048
1.34567 	0.00202121
1.35068 	0.00227813
1.35568 	0.00174174
1.36068 	0.00120535
1.36568 	0.000668966
1.37069 	0.000132579
1.37569 	-0.000403808
1.38069 	-0.000940195
1.38569 	-0.00147658
1.3907 	-0.00201297
1.3957 	-0.00254936
1.4007 	-0.00292435
1.4057 	-0.00230797
1.41071 	-0.00169158
1.41571 	-0.00107519
1.42071 	-0.000458802
1.42571 	0.000157586
1.43072 	0.000773974
1.43572 	0.00139036
1.44072 	0.00200675
1.44572 	0.00262314
1.45073 	0.00306618
1.45573 	0.00248705
1.46073 	0.00190793
1.46573 	0.0013288
1.47074 	0.00074968
1.47574 	0.000170556
1.48074 	-0.000408568
1.48574 	-0.000987692
1.49075 	-0.00156682
1.49575 	-0.00214594
1.50075 	-0.0025755
1.50575 	-0.00215756
1.51076 	-0.00173961
1.51576 	-0.00132167
1.52076 	-0.000903724
1.52576 	-0.000485779
1.53077 	-6.78335e-05
1.53577 	0.000350111
1.54077 	0.000768057
1.54577 	0.001186
1.55078 	0.00151404
1.55578 	0.00135196
1.56078 	0.00118988
1.56578 	0.00102779
1.57079 	0.00086571
1.57579 	0.000703626
1.58079 	0.000541543
1.58579 	0.00037946
1.5908 	0.000217377
1.5958 	5.5294e-05
1.6008 	-0.000102553
1.6058 	-0.000238157
1.61081 	-0.000373761
1.61581 	-0.000509365
1.62081 	-0.00064497
1.62581 	-0.000780574
1.63082 	-0.000916178
1.63582 	-0.00105178
1.64082 	-0.00118739
1.64582 	-0.00132299
1.65083 	-0.00136717
1.65583 	-0.000948704
1.66083 	-0.000530234
1.66583 	-0.000111764
1.67084 	0.000306705
1.67584 	0.000725175
1.68084 	0.00114364
1.68584 	0.00156211
1.69085 	0.00198058
1.69585 	0.00239905
1.70085 	0.00263687
1.70585 	0.00199268
1.71086 	0.00134848
1.71586 	0.000704289
1.72086 	6.00949e-05
1.72586 	-0.000584099
1.73087 	-0.00122829
1.73587 	-0.00187249
1.74087 	-0.00251668
1.74587 	-0.00316087
1.75088 	-0.00355357
1.75588 	-0.00276066
1.76088 	-0.00196774
1.76588 	-0.00117483
1.77089 	-0.000381914
1.77589 	0.000411001
1.78089 	0.00120392
1.78589 	0.00199683
1.7909 	0.00278975
1.7959 	0.00358266
1.8009 	0.00407754
1.8059 	0.00321468
1.81091 	0.00235183
1.81591 	0.00148898
1.82091 	0.000626129
1.82591 	-0.000236723
1.83092 	-0.00109958
1.83592 	-0.00196243
1.84092 	-0.00282528
1.84592 	-0.00368813
1.85093 	-0.00423254
1.85593 	-0.0033741
1.86093 	-0.00251567
1.86593 	-0.00165723
1.87094 	-0.000798786
1.87594 	5.96541e-05
1.88094 	0.000918094
1.88594 	0.00177653
1.89095 	0.00263497
1.89595 	0.00349341
1.90095 	0.00404042
1.90595 	0.00325975
1.91096 	0.00247908
1.91596 	0.0016984
1.92096 	0.00091773
1.92596 	0.000137057
1.93097 	-0.000643616
1.93597 	-0.00142429
1.94097 	-0.00220496
1.94597 	-0.00298564
1.95098 	-0.00349167
1.95598 	-0.00286397
1.96098 	-0.00223626
1.96598 	-0.00160855
1.97099 	-0.000980843
1.97599 	-0.000353135
1.98099 	0.000274573
1.98599 	0.000902281
1.991 	0.00152999
1.996 	0.0021577
2.001 	0.00257865
2.006 	0.00217257
2.01101 	0.00176649
2.01601 	0.00136041
2.02101 	0.000954327
2.02601 	0.000548248
2.03102 	0.000142168
2.03602 	-0.000263912
2.04102 	-0.000669992
2.04602 	-0.00107607
2.05103 	-0.0013694
2.05603 	-0.00122549
2.06103 	-0.00108157
2.06603 	-0.00093766
2.07104 	-0.000793746
2.07604 	-0.000649832
2.08104 	-0.000505917
2.08604 	-0.000362003
2.09105 	-0.000218089
2.09605 	-7.41748e-05
2.10105 	6.18281e-05
2.10605 	0.000168069
2.11106 	0.00027431
2.11606 	0.000380552
2.12106 	0.000486793
2.12606 	0.000593034
2.13107 	0.000699275
2.13607 	0.000805516
2.14107 	0.000911757
2.14607 	0.001018
2.15108 	0.00104076
2.15608 	0.000758748
2.16108 	0.000476731
2.16608 	0.000194715
2.17109 	-8.73019e-05
2.17609 	-0.000369318
2.18109 	-0.000651335
2.18609 	-0.000933352
2.1911 	-0.00121537
2.1961 	-0.00149738
2.2011 	-0.00164292
2.2061 	-0.00130455
2.21111 	-0.000966187
2.21611 	-0.000627822
2.22111 	-0.000289458
2.22611 	4.89074e-05
2.23112 	0.000387272
2.23612 	0.000725637
2.24112 	0.001064
2.24612 	0.00140237
2.25113 	0.00160345
2.25613 	0.00133165
2.26113 	0.00105985
2.26613 	0.000788057
2.27114 	0.000516261
2.27614 	0.000244464
2.28114 	-2.7332e-05
2.28614 	-0.000299128
2.29115 	-0.000570925
2.29615 	-0.000842721
2.30115 	-0.00102316
2.30615 	-0.000897771
2.31116 	-0.000772379
2.31616 	-0.000646986
2.32116 	-0.000521594
2.32616 	-0.000396201
2.33117 	-0.000270809
2.33617 	-0.000145416
2.34117 	-2.00236e-05
2.34617 	0.000105369
2.35118 	0.000208528
2.35618 	0.00023931
2.36118 	0.000270092
2.36618 	0.000300875
2.37119 	0.000331657
2.37619 	0.000362439
2.38119 	0.000393221
2.38619 	0.000424003
2.3912 	0.000454785
2.3962 	0.000485568
2.4012 	0.000476947
2.4062 	0.00034355
2.41121 	0.000210153
2.41621 	7.67563e-05
2.42121 	-5.66405e-05
2.42621 	-0.000190037
2.43122 	-0.000323434
2.43622 	-0.000456831
2.44122 	-0.000590228
2.44622 	-0.000723624
2.45123 	-0.000786648
2.45623 	-0.000632805
2.46123 	-0.000478962
2.46623 	-0.00032512
2.47124 	-0.000171277
2.47624 	-1.74346e-05
2.48124 	0.000136408
2.48624 	0.000290251
2.49125 	0.000444093
2.49625 	0.000597936
2.50125 	0.000687073
2.50625 	0.000582095
2.51126 	0.000477117
2.51626 	0.000372139
2.52126 	0.000267161
2.52626 	0.000162183
2.53127 	5.7205e-05
2.53627 	-4.77731e-05
2.54127 	-0.000152751
2.54627 	-0.000257729
2.55128 	-0.000329333
2.55628 	-0.000303431
2.56128 	-0.00027753
2.56628 	-0.000251628
2.57129 	-0.000225727
2.57629 	-0.000199825
2.58129 	-0.000173924
2.58629 	-0.000148022
2.5913 	-0.000122121
2.5963 	-9.6219e-05
2.6013 	-6.60596e-05
2.6063 	-2.37818e-05
2.61131 	1.84961e-05
2.61631 	6.07739e-05
2.62131 	0.000103052
2.62631 	0.00014533
2.63132 	0.000187607
2.63632 	0.000229885
2.64132 	0.000272163
2.64632 	0.000314441
2.65133 	0.000325833
2.65633 	0.00025156
2.66133 	0.000177287
2.66633 	0.000103014
2.67134 	2.87413e-05
2.67634 	-4.55316e-05
2.68134 	-0.000119804
2.68634 	-0.000194077
2.69135 	-0.00026835
2.69635 	-0.000342623
2.70135 	-0.000379161
2.70635 	-0.000313673
2.71136 	-0.000248185
2.71636 	-0.000182697
2.72136 	-0.000117209
2.72636 	-5.17209e-05
2.73137 	1.3767e-05
2.73637 	7.9255e-05
2.74137 	0.000144743
2.74637 	0.000210231
2.75138 	0.000250068
2.75638 	0.000222278
2.76138 	0.000194489
2.76638 	0.0001667
2.77139 	0.000138911
2.77639 	0.000111121
2.78139 	8.33321e-05
2.78639 	5.55429e-05
2.7914 	2.77536e-05
2.7964 	-3.56044e-08
2.8014 	-2.48957e-05
2.8064 	-4.22238e-05
2.81141 	-5.95519e-05
2.81641 	-7.68799e-05
2.82141 	-9.4208e-05
2.82641 	-0.000111536
2.83142 	-0.000128864
2.83642 	-0.000146192
2.84142 	-0.00016352
2.84642 	-0.000180848
2.85143 	-0.00018
2.85643 	-0.000133553
2.86143 	-8.71049e-05
2.86643 	-4.06572e-05
2.87144 	5.79057e-06
2.87644 	5.22383e-05
2.88144 	9.8686e-05
2.88644 	0.000145134
2.89145 	0.000191581
2.89645 	0.000238029
2.90145 	0.000258139
2.90645 	0.000213764
2.91146 	0.00016939
2.91646 	0.000125016
2.92146 	8.06419e-05
2.92646 	3.62677e-05
2.93147 	-8.10647e-06
2.93647 	-5.24806e-05
2.94147 	-9.68548e-05
2.94647 	-0.000141229
2.95148 	-0.00016836
2.95648 	-0.000154281
2.96148 	-0.000140202
2.96648 	-0.000126123
2.97149 	-0.000112044
2.97649 	-9.7965e-05
2.98149 	-8.38861e-05
2.98649 	-6.98072e-05
2.9915 	-5.57283e-05
2.9965 	-4.16494e-05
3.0015 	-2.50711e-05
3.0065 	-2.6606e-06
3.01151 	1.97499e-05
3.01651 	4.21604e-05
3.02151 	6.45708e-05
3.02651 	8.69813e-05
3.03152 	0.000109392
3.03652 	0.000131802
3.04152 	0.000154213
3.04652 	0.000176623
3.05153 	0.000180565
3.05653 	0.000142423
3.06153 	0.000104281
3.06653 	6.61387e-05
3.07154 	2.79965e-05
3.07654 	-1.01456e-05
3.08154 	-4.82878e-05
3.08654 	-8.64299e-05
3.09155 	-0.000124572
3.09655 	-0.000162714
3.10155 	-0.000182041
3.10655 	-0.000159489
3.11156 	-0.000136936
3.11656 	-0.000114384
3.12156 	-9.18315e-05
3.12656 	-6.92791e-05
3.13157 	-4.67267e-05
3.13657 	-2.41743e-05
3.14157 	-1.62187e-06
3.14657 	2.09305e-05
3.15158 	3.91691e-05
3.15658 	4.80268e-05
3.16158 	5.68845e-05
3.16658 	6.57422e-05
3.17159 	7.45998e-05
3.17659 	8.34575e-05
3.18159 	9.23152e-05
3.18659 	0.000101173
3.1916 	0.000110031
3.1966 	0.000118888
3.2016 	0.000115954
3.2066 	8.79631e-05
3.21161 	5.99719e-05
3.21661 	3.19807e-05
3.22161 	3.98953e-06
3.22661 	-2.40017e-05
3.23162 	-5.19929e-05
3.23662 	-7.99841e-05
3.24162 	-0.000107975
3.24662 	-0.000135966
3.25163 	-0.000148378
3.25663 	-0.000128431
3.26163 	-0.000108484
3.26663 	-8.85375e-05
3.27164 	-6.85907e-05
3.27664 	-4.86439e-05
3.28164 	-2.86971e-05
3.28664 	-8.75034e-06
3.29165 	1.11964e-05
3.29665 	3.11432e-05
3.30165 	4.58255e-05
3.30665 	4.98191e-05
3.31166 	5.38127e-05
3.31666 	5.78063e-05
3.32166 	6.17999e-05
3.32666 	6.57935e-05
3.33167 	6.97872e-05
3.33667 	7.37808e-05
3.34167 	7.77744e-05
3.34667 	8.1768e-05
3.35168 	7.79093e-05
3.35668 	5.84631e-05
3.36168 	3.90169e-05
3.36668 	1.95708e-05
3.37169 	1.24587e-07
3.37669 	-1.93216e-05
3.38169 	-3.87678e-05
3.38669 	-5.82139e-05
3.3917 	-7.76601e-05
3.3967 	-9.71063e-05
3.4017 	-0.00010521
3.4067 	-9.12963e-05
3.41171 	-7.73826e-05
3.41671 	-6.34689e-05
3.42171 	-4.95551e-05
3.42671 	-3.56414e-05
3.43172 	-2.17276e-05
3.43672 	-7.81386e-06
3.44172 	6.09988e-06
3.44672 	2.00136e-05
3.45173 	3.01321e-05
3.45673 	3.30451e-05
3.46173 	3.5958e-05
3.46673 	3.8871e-05
3.47174 	4.17839e-05
3.47674 	4.46969e-05
3.48174 	4.76098e-05
3.48674 	5.05228e-05
3.49175 	5.34357e-05
3.49675 	5.63487e-05
3.50175 	5.37949e-05
3.50675 	4.10886e-05
3.51176 	2.83823e-05
3.51676 	1.56761e-05
3.52176 	2.96976e-06
3.52676 	-9.73652e-06
3.53177 	-2.24428e-05
3.53677 	-3.51491e-05
3.54177 	-4.78554e-05
3.54677 	-6.05617e-05
3.55178 	-6.58093e-05
3.55678 	-5.75052e-05
3.56178 	-4.92011e-05
3.56678 	-4.0897e-05
3.57179 	-3.25929e-05
3.57679 	-2.42888e-05
3.58179 	-1.59847e-05
3.58679 	-7.68061e-06
3.5918 	6.23481e-07
3.5968 	8.92758e-06
3.6018 	1.50236e-05
3.6068 	1.71943e-05
3.61181 	1.9365e-05
3.61681 	2.15357e-05
3.62181 	2.37064e-05
3.62681 	2.5877e-05
3.63182 	2.80477e-05
3.63682 	3.02184e-05
3.64182 	3.23891e-05
3.64682 	3.45597e-05
3.65183 	3.31681e-05
3.65683 	2.55791e-05
3.66183 	1.79902e-05
3.66683 	1.04012e-05
3.67184 	2.81216e-06
3.67684 	-4.77684e-06
3.68184 	-1.23658e-05
3.68684 	-1.99548e-05
3.69185 	-2.75438e-05
3.69685 	-3.51328e-05
3.70185 	-3.80333e-05
3.70685 	-3.29508e-05
3.71186 	-2.78682e-05
3.71686 	-2.27857e-05
3.72186 	-1.77031e-05
3.72686 	-1.26206e-05
3.73187 	-7.53803e-06
3.73687 	-2.45547e-06
3.74187 	2.62708e-06
3.74687 	7.70964e-06
3.75188 	1.11911e-05
3.75688 	1.20039e-05
3.76188 	1.28168e-05
3.76688 	1.36297e-05
3.77189 	1.44426e-05
3.77689 	1.52555e-05
3.78189 	1.60684e-05
3.78689 	1.68813e-05
3.7919 	1.76941e-05
3.7969 	1.8507e-05
3.8019 	1.71492e-05
3.8069 	1.22497e-05
3.81191 	7.35025e-06
3.81691 	2.45077e-06
3.82191 	-2.44871e-06
3.82691 	-7.34818e-06
3.83192 	-1.22477e-05
3.83692 	-1.71471e-05
3.84192 	-2.20466e-05
3.84692 	-2.69461e-05
3.85193 	-2.82304e-05
3.85693 	-2.37397e-05
3.86193 	-1.92491e-05
3.86693 	-1.47584e-05
3.87194 	-1.02678e-05
3.87694 	-5.77711e-06
3.88194 	-1.28646e-06
3.88694 	3.20419e-06
3.89195 	7.69484e-06
3.89695 	1.21855e-05
3.90195 	1.50189e-05
3.90695 	1.52601e-05
3.91196 	1.55013e-05
3.91696 	1.57425e-05
3.92196 	1.59838e-05
3.92696 	1.6225e-05
3.93197 	1.64662e-05
3.93697 	1.67074e-05
3.94197 	1.69487e-05
3.94697 	1.71899e-05
3.95198 	1.52859e-05
3.95698 	1.00963e-05
3.96198 	4.90672e-06
3.96698 	-2.82893e-07
3.97199 	-5.4725e-06
3.97699 	-1.06621e-05
3.98199 	-1.58517e-05
3.98699 	-2.10413e-05
3.992 	-2.62309e-05
3.997 	-3.14206e-05
4.002 	-3.27751e-05
4.007 	-2.83772e-05
4.01201 	-2.39792e-05
4.01701 	-1.95813e-05
4.02201 	-1.51833e-05
4.02701 	-1.07854e-05
4.03202 	-6.38742e-06
4.03702 	-1.98947e-06
4.04202 	2.40848e-06
4.04702 	6.80643e-06
4.05203 	1.03623e-05
4.05703 	1.2681e-05
4.06203 	1.49997e-05
4.06703 	1.73184e-05
4.07204 	1.96371e-05
4.07704 	2.19559e-05
4.08204 	2.42746e-05
4.08704 	2.65933e-05
4.09205 	2.8912e-05
4.09705 	3.12307e-05
4.10205 	2.99365e-05
4.10705 	2.34432e-05
4.11206 	1.69499e-05
4.11706 	1.04566e-05
4.12206 	3.96328e-06
4.12706 	-2.53002e-06
4.13207 	-9.02332e-06
4.13707 	-1.55166e-05
4.14207 	-2.20099e-05
4.14707 	-2.85032e-05
4.15208 	-3.16348e-05
4.15708 	-3.00274e-05
4.16208 	-2.842e-05
4.16708 	-2.68127e-05
4.17209 	-2.52053e-05
4.17709 	-2.3598e-05
4.18209 	-2.19906e-05
4.18709 	-2.03833e-05
4.1921 	-1.87759e-05
4.1971 	-1.71686e-05
4.2021 	-1.37576e-05
4.2071 	-7.85595e-06
4.21211 	-1.95428e-06
4.21711 	3.94739e-06
4.22211 	9.84905e-06
4.22711 	1.57507e-05
4.23212 	2.16524e-05
4.23712 	2.75541e-05
4.24212 	3.34557e-05
4.24712 	3.93574e-05
4.25213 	4.07751e-05
4.25713 	3.61262e-05
4.26213 	3.14772e-05
4.26713 	2.68283e-05
4.27214 	2.21794e-05
4.27714 	1.75305e-05
4.28214 	1.28816e-05
4.28714 	8.23267e-06
4.29215 	3.58375e-06
4.29715 	-1.06516e-06
4.30215 	-5.32853e-06
4.30715 	-9.08081e-06
4.31216 	-1.28331e-05
4.31716 	-1.65854e-05
4.32216 	-2.03377e-05
4.32716 	-2.409e-05
4.33217 	-2.78422e-05
4.33717 	-3.15945e-05
4.34217 	-3.53468e-05
4.34717 	-3.90991e-05
4.35218 	-3.85787e-05
4.35718 	-3.25089e-05
4.36218 	-2.6439e-05
4.36718 	-2.03692e-05
4.37219 	-1.42993e-05
4.37719 	-8.22945e-06
4.38219 	-2.15959e-06
4.38719 	3.91026e-06
4.3922 	9.98012e-06
4.3972 	1.605e-05
4.4022 	2.00268e-05
4.4072 	2.13396e-05
4.41221 	2.26525e-05
4.41721 	2.39653e-05
4.42221 	2.52781e-05
4.42721 	2.6591e-05
4.43222 	2.79038e-05
4.43722 	2.92167e-05
4.44222 	3.05295e-05
4.44722 	3.18424e-05
4.45223 	2.98804e-05
4.45723 	2.38341e-05
4.46223 	1.77877e-05
4.46723 	1.17414e-05
4.47224 	5.69505e-06
4.47724 	-3.51283e-07
4.48224 	-6.39762e-06
4.48724 	-1.2444e-05
4.49225 	-1.84903e-05
4.49725 	-2.45366e-05
4.50225 	-2.75993e-05
4.50725 	-2.70153e-05
4.51226 	-2.64313e-05
4.51726 	-2.58473e-05
4.52226 	-2.52632e-05
4.52726 	-2.46792e-05
4.53227 	-2.40952e-05
4.53727 	-2.35112e-05
4.54227 	-2.29272e-05
4.54727 	-2.23432e-05
4.55228 	-1.96884e-05
4.55728 	-1.45532e-05
4.56228 	-9.41808e-06
4.56728 	-4.28293e-06
4.57229 	8.52218e-07
4.57729 	5.98737e-06
4.58229 	1.11225e-05
4.58729 	1.62577e-05
4.5923 	2.13928e-05
4.5973 	2.6528e-05
4.6023 	2.8557e-05
4.6073 	2.69399e-05
4.61231 	2.53227e-05
4.61731 	2.37055e-05
4.62231 	2.20883e-05
4.62731 	2.04712e-05
4.63232 	1.8854e-05
4.63732 	1.72368e-05
4.64232 	1.56197e-05
4.64732 	1.40025e-05
4.65233 	1.13337e-05
4.65733 	7.45508e-06
4.66233 	3.57643e-06
4.66733 	-3.02215e-07
4.67234 	-4.18086e-06
4.67734 	-8.05951e-06
4.68234 	-1.19382e-05
4.68734 	-1.58168e-05
4.69235 	-1.96954e-05
4.69735 	-2.35741e-05
4.70235 	-2.47755e-05
4.70735 	-2.2958e-05
4.71236 	-2.11404e-05
4.71736 	-1.93229e-05
4.72236 	-1.75053e-05
4.72736 	-1.56878e-05
4.73237 	-1.38702e-05
4.73737 	-1.20527e-05
4.74237 	-1.02351e-05
4.74737 	-8.41757e-06
4.75238 	-6.21559e-06
4.75738 	-3.58873e-06
4.76238 	-9.61858e-07
4.76738 	1.66501e-06
4.77239 	4.29188e-06
4.77739 	6.91874e-06
4.78239 	9.54561e-06
4.78739 	1.21725e-05
4.7924 	1.47993e-05
4.7974 	1.74262e-05
4.8024 	1.81305e-05
4.8074 	1.6752e-05
4.81241 	1.53735e-05
4.81741 	1.3995e-05
4.82241 	1.26164e-05
4.82741 	1.12379e-05
4.83242 	9.85942e-06
4.83742 	8.48091e-06
4.84242 	7.1024e-06
4.84742 	5.72389e-06
4.85243 	4.27905e-06
4.85743 	2.76379e-06
4.86243 	1.24853e-06
4.86743 	-2.66731e-07
4.87244 	-1.78199e-06
4.87744 	-3.29725e-06
4.88244 	-4.81251e-06
4.88744 	-6.32777e-06
4.89245 	-7.84303e-06
4.89745 	-9.35829e-06
4.90245 	-9.87174e-06
4.90745 	-9.34248e-06
4.91246 	-8.81323e-06
4.91746 	-8.28397e-06
4.92246 	-7.75471e-06
4.92746 	-7.22545e-06
4.93247 	-6.6962e-06
4.93747 	-6.16694e-06
4.94247 	-5.63768e-06
4.94747 	-5.10842e-06
4.95248 	-4.58639e-06
4.95748 	-4.07172e-06
4.96248 	-3.55705e-06
4.96748 	-3.04238e-06
4.97249 	-2.52771e-06
4.97749 	-2.01304e-06
4.98249 	-1.49837e-06
4.98749 	-9.83702e-07
4.9925 	-4.69033e-07
4.9975 	4.56364e-08
5.0025 	5.60306e-07
5.0075 	1.07498e-06
5.01251 	1.58964e-06
5.01751 	2.10431e-06
5.02251 	2.61898e-06
5.02751 	3.13365e-06
5.03252 	3.64832e-06
5.03752 	4.16299e-06
5.04252 	4.67766e-06
5.04752 	5.19233e-06
5.05253 	5.69963e-06
5.05753 	6.19971e-06
5.06253 	6.6998e-06
5.06753 	7.19988e-06
5.07254 	7.69996e-06
5.07754 	8.20004e-06
5.08254 	8.70012e-06
5.08754 	9.2002e-06
5.09255 	9.70028e-06
5.09755 	1.02004e-05
5.10255 	9.65774e-06
5.10755 	8.11331e-06
5.11256 	6.56887e-06
5.11756 	5.02443e-06
5.12256 	3.48e-06
5.12756 	1.93556e-06
5.13257 	3.91125e-07
5.13757 	-1.15331e-06
5.14257 	-2.69775e-06
5.14757 	-4.24218e-06
5.15258 	-5.85705e-06
5.15758 	-7.53823e-06
5.16258 	-9.21941e-06
5.16758 	-1.09006e-05
5.17259 	-1.25818e-05
5.17759 	-1.4263e-05
5.18259 	-1.59442e-05
5.18759 	-1.76253e-05
5.1926 	-1.93065e-05
5.1976 	-2.09877e-05
5.2026 	-2.05861e-05
5.2076 	-1.82619e-05
5.21261 	-1.59377e-05
5.21761 	-1.36135e-05
5.22261 	-1.12893e-05
5.22761 	-8.96511e-06
5.23262 	-6.64092e-06
5.23762 	-4.31672e-06
5.24262 	-1.99252e-06
5.24762 	3.31671e-07
5.25263 	3.08076e-06
5.25763 	6.21427e-06
5.26263 	9.34778e-06
5.26763 	1.24813e-05
5.27264 	1.56148e-05
5.27764 	1.87483e-05
5.28264 	2.18818e-05
5.28764 	2.50153e-05
5.29265 	2.81489e-05
5.29765 	3.12824e-05
5.30265 	3.13969e-05
5.30765 	2.88342e-05
5.31266 	2.62715e-05
5.31766 	2.37088e-05
5.32266 	2.11462e-05
5.32766 	1.85835e-05
5.33267 	1.60208e-05
5.33767 	1.34581e-05
5.34267 	1.08954e-05
5.34767 	8.33275e-06
5.35268 	4.56017e-06
5.35768 	-2.63981e-07
5.36268 	-5.08814e-06
5.36768 	-9.91229e-06
5.37269 	-1.47364e-05
5.37769 	-1.95606e-05
5.38269 	-2.43848e-05
5.38769 	-2.92089e-05
5.3927 	-3.40331e-05
5.3977 	-3.88572e-05
5.4027 	-4.00351e-05
5.4077 	-3.8107e-05
5.41271 	-3.61788e-05
5.41771 	-3.42506e-05
5.42271 	-3.23225e-05
5.42771 	-3.03943e-05
5.43272 	-2.84661e-05
5.43772 	-2.6538e-05
5.44272 	-2.46098e-05
5.44772 	-2.26816e-05
5.45273 	-1.82731e-05
5.45773 	-1.17938e-05
5.46273 	-5.31452e-06
5.46773 	1.16478e-06
5.47274 	7.64407e-06
5.47774 	1.41234e-05
5.48274 	2.06027e-05
5.48774 	2.7082e-05
5.49275 	3.35613e-05
5.49775 	4.00406e-05
5.50275 	4.28732e-05
5.50775 	4.27221e-05
5.51276 	4.2571e-05
5.51776 	4.242e-05
5.52276 	4.22689e-05
5.52776 	4.21179e-05
5.53277 	4.19668e-05
5.53777 	4.18158e-05
5.54277 	4.16647e-05
5.54777 	4.15136e-05
5.55278 	3.72782e-05
5.55778 	2.9768e-05
5.56278 	2.22578e-05
5.56778 	1.47475e-05
5.57279 	7.23728e-06
5.57779 	-2.72965e-07
5.58279 	-7.78321e-06
5.58779 	-1.52934e-05
5.5928 	-2.28037e-05
5.5978 	-3.03139e-05
5.6028 	-3.51602e-05
5.6078 	-3.79135e-05
5.61281 	-4.06667e-05
5.61781 	-4.34199e-05
5.62281 	-4.61732e-05
5.62781 	-4.89264e-05
5.63282 	-5.16796e-05
5.63782 	-5.44329e-05
5.64282 	-5.71861e-05
5.64782 	-5.99393e-05
5.65283 	-5.71431e-05
5.65783 	-5.00742e-05
5.66283 	-4.30052e-05
5.66783 	-3.59363e-05
5.67284 	-2.88674e-05
5.67784 	-2.17985e-05
5.68284 	-1.47296e-05
5.68784 	-7.66069e-06
5.69285 	-5.91783e-07
5.69785 	6.47713e-06
5.70285 	1.3035e-05
5.70785 	1.92072e-05
5.71286 	2.53795e-05
5.71786 	3.15518e-05
5.72286 	3.77241e-05
5.72786 	4.38964e-05
5.73287 	5.00686e-05
5.73787 	5.62409e-05
5.74287 	6.24132e-05
5.74787 	6.85855e-05
5.75288 	6.86912e-05
5.75788 	6.43129e-05
5.76288 	5.99346e-05
5.76788 	5.55563e-05
5.77289 	5.1178e-05
5.77789 	4.67997e-05
5.78289 	4.24214e-05
5.78789 	3.80431e-05
5.7929 	3.36648e-05
5.7979 	2.92865e-05
5.8029 	2.24175e-05
5.8079 	1.37448e-05
5.81291 	5.07221e-06
5.81791 	-3.6004e-06
5.82291 	-1.2273e-05
5.82791 	-2.09456e-05
5.83292 	-2.96183e-05
5.83792 	-3.82909e-05
5.84292 	-4.69635e-05
5.84792 	-5.56361e-05
5.85293 	-5.95699e-05
5.85793 	-6.01418e-05
5.86293 	-6.07138e-05
5.86793 	-6.12857e-05
5.87294 	-6.18577e-05
5.87794 	-6.24297e-05
5.88294 	-6.30016e-05
5.88794 	-6.35736e-05
5.89295 	-6.41456e-05
5.89795 	-6.47175e-05
5.90295 	-6.00904e-05
5.90795 	-5.18504e-05
5.91296 	-4.36103e-05
5.91796 	-3.53703e-05
5.92296 	-2.71302e-05
5.92796 	-1.88902e-05
5.93297 	-1.06501e-05
5.93797 	-2.41009e-06
5.94297 	5.82995e-06
5.94797 	1.407e-05
5.95298 	2.10729e-05
5.95798 	2.72337e-05
5.96298 	3.33945e-05
5.96798 	3.95553e-05
5.97299 	4.57161e-05
5.97799 	5.18769e-05
5.98299 	5.80377e-05
5.98799 	6.41985e-05
5.993 	7.03593e-05
5.998 	7.65202e-05
6.003 	7.69284e-05
6.008 	7.35017e-05
6.01301 	7.00749e-05
6.01801 	6.66482e-05
6.02301 	6.32214e-05
6.02801 	5.97946e-05
6.03302 	5.63679e-05
6.03802 	5.29411e-05
6.04302 	4.95144e-05
6.04802 	4.60876e-05
6.05303 	3.93752e-05
6.05803 	3.05176e-05
6.06303 	2.166e-05
6.06803 	1.28024e-05
6.07304 	3.94485e-06
6.07804 	-4.91274e-06
6.08304 	-1.37703e-05
6.08804 	-2.26279e-05
6.09305 	-3.14855e-05
6.09805 	-4.03431e-05
6.10305 	-4.66085e-05
6.10805 	-5.12167e-05
6.11306 	-5.58249e-05
6.11806 	-6.0433e-05
6.12306 	-6.50412e-05
6.12806 	-6.96494e-05
6.13307 	-7.42575e-05
6.13807 	-7.88657e-05
6.14307 	-8.34738e-05
6.14807 	-8.8082e-05
6.15308 	-8.69152e-05
6.15808 	-8.21333e-05
6.16308 	-7.73513e-05
6.16808 	-7.25693e-05
6.17309 	-6.77874e-05
6.17809 	-6.30054e-05
6.18309 	-5.82234e-05
6.18809 	-5.34415e-05
6.1931 	-4.86595e-05
6.1981 	-4.38775e-05
6.2031 	-3.55539e-05
6.2081 	-2.50596e-05
6.21311 	-1.45652e-05
6.21811 	-4.07091e-06
6.22311 	6.42342e-06
6.22811 	1.69178e-05
6.23312 	2.74121e-05
6.23812 	3.79064e-05
6.24312 	4.84007e-05
6.24812 	5.88951e-05
6.25313 	6.67209e-05
6.25813 	7.29455e-05
6.26313 	7.91702e-05
6.26813 	8.53948e-05
6.27314 	9.16195e-05
6.27814 	9.78442e-05
6.28314 	0.000104069
6.28814 	0.000110293
6.29315 	0.000116518
6.29815 	0.000122743
6.30315 	0.000120984
6.30815 	0.000114537
6.31316 	0.000108091
6.31816 	0.000101644
6.32316 	9.51968e-05
6.32816 	8.87499e-05
6.33317 	8.2303e-05
6.33817 	7.58561e-05
6.34317 	6.94093e-05
6.34817 	6.29624e-05
6.35318 	5.03181e-05
6.35818 	3.41115e-05
6.36318 	1.79049e-05
6.36818 	1.69838e-06
6.37319 	-1.45082e-05
6.37819 	-3.07148e-05
6.38319 	-4.69213e-05
6.38819 	-6.31279e-05
6.3932 	-7.93345e-05
6.3982 	-9.5541e-05
6.4032 	-0.000107822
6.4082 	-0.000117895
6.41321 	-0.000127968
6.41821 	-0.000138042
6.42321 	-0.000148115
6.42821 	-0.000158188
6.43322 	-0.000168261
6.43822 	-0.000178334
6.44322 	-0.000188407
6.44822 	-0.000198481
6.45323 	-0.000195002
6.45823 	-0.000184065
6.46323 	-0.000173128
6.46823 	-0.00016219
6.47324 	-0.000151253
6.47824 	-0.000140316
6.48324 	-0.000129379
6.48824 	-0.000118441
6.49325 	-0.000107504
6.49825 	-9.65669e-05
6.50325 	-7.54772e-05
6.50825 	-4.89207e-05
6.51326 	-2.23642e-05
6.51826 	4.19227e-06
6.52326 	3.07487e-05
6.52826 	5.73052e-05
6.53327 	8.38617e-05
6.53827 	0.000110418
6.54327 	0.000136975
6.54827 	0.000163531
6.55328 	0.000182882
6.55828 	0.000198438
6.56328 	0.000213993
6.56828 	0.000229549
6.57329 	0.000245105
6.57829 	0.000260661
6.58329 	0.000276216
6.58829 	0.000291772
6.5933 	0.000307328
6.5983 	0.000322883
6.6033 	0.000316421
6.6083 	0.000298617
6.61331 	0.000280813
6.61831 	0.000263009
6.62331 	0.000245204
6.62831 	0.0002274
6.63332 	0.000209596
6.63832 	0.000191792
6.64332 	0.000173987
6.64832 	0.000156183
6.65333 	0.000122792
6.65833 	8.15475e-05
6.66333 	4.03034e-05
6.66833 	-9.40585e-07
6.67334 	-4.21846e-05
6.67834 	-8.34286e-05
6.68334 	-0.000124673
6.68834 	-0.000165917
6.69335 	-0.000207161
6.69835 	-0.000248405
6.70335 	-0.00027896
6.70835 	-0.000304251
6.71336 	-0.000329542
6.71836 	-0.000354833
6.72336 	-0.000380124
6.72836 	-0.000405415
6.73337 	-0.000430705
6.73837 	-0.000455996
6.74337 	-0.000481287
6.74837 	-0.000506578
6.75338 	-0.000499511
6.75838 	-0.000476864
6.76338 	-0.000454216
6.76838 	-0.000431569
6.77339 	-0.000408922
6.77839 	-0.000386275
6.78339 	-0.000363628
6.78839 	-0.000340981
6.7934 	-0.000318334
6.7984 	-0.000295687
6.8034 	-0.000247982
6.8084 	-0.000188486
6.81341 	-0.00012899
6.81841 	-6.94942e-05
6.82341 	-9.99823e-06
6.82841 	4.94978e-05
6.83342 	0.000108994
6.83842 	0.00016849
6.84342 	0.000227986
6.84842 	0.000287482
6.85343 	0.000337597
6.85843 	0.000383398
6.86343 	0.0004292
6.86843 	0.000475001
6.87344 	0.000520802
6.87844 	0.000566603
6.88344 	0.000612405
6.88844 	0.000658206
6.89345 	0.000704007
6.89845 	0.000749809
6.90345 	0.000753731
6.90845 	0.000738837
6.91346 	0.000723944
6.91846 	0.000709051
6.92346 	0.000694158
6.92846 	0.000679264
6.93347 	0.000664371
6.93847 	0.000649478
6.94347 	0.000634585
6.94847 	0.000619691
6.95348 	0.000562714
6.95848 	0.000487268
6.96348 	0.000411822
6.96848 	0.000336376
6.97349 	0.00026093
6.97849 	0.000185485
6.98349 	0.000110039
6.98849 	3.45928e-05
6.9935 	-4.08531e-05
6.9985 	-0.000116299
7.0035 	-0.000197577
7.0085 	-0.000281354
7.01351 	-0.000365132
7.01851 	-0.000448909
7.02351 	-0.000532687
7.02851 	-0.000616464
7.03352 	-0.000700242
7.03852 	-0.000784019
7.04352 	-0.000867797
7.04852 	-0.000951574
7.05353 	-0.000994142
7.05853 	-0.00101947
7.06353 	-0.00104479
7.06853 	-0.00107012
7.07354 	-0.00109544
7.07854 	-0.00112076
7.08354 	-0.00114609
7.08854 	-0.00117141
7.09355 	-0.00119674
7.09855 	-0.00122206
7.10355 	-0.0011829
7.10855 	-0.00111741
7.11356 	-0.00105191
7.11856 	-0.00098641
7.12356 	-0.000920913
7.12856 	-0.000855415
7.13357 	-0.000789918
7.13857 	-0.00072442
7.14357 	-0.000658923
7.14857 	-0.000593425
7.15358 	-0.000482328
7.15858 	-0.000353055
7.16358 	-0.000223781
7.16858 	-9.4508e-05
7.17359 	3.47653e-05
7.17859 	0.000164039
7.18359 	0.000293312
7.18859 	0.000422585
7.1936 	0.000551858
7.1986 	0.000681132
7.2036 	0.000802873
7.2086 	0.000921685
7.21361 	0.0010405
7.21861 	0.00115931
7.22361 	0.00127812
7.22861 	0.00139693
7.23362 	0.00151575
7.23862 	0.00163456
7.24362 	0.00175337
7.24862 	0.00187218
7.25363 	0.00192337
7.25863 	0.0019489
7.26363 	0.00197444
7.26863 	0.00199997
7.27364 	0.00202551
7.27864 	0.00205104
7.28364 	0.00207658
7.28864 	0.00210211
7.29365 	0.00212765
7.29865 	0.00215318
7.30365 	0.00207669
7.30865 	0.00196247
7.31366 	0.00184824
7.31866 	0.00173401
7.32366 	0.00161979
7.32866 	0.00150556
7.33367 	0.00139134
7.33867 	0.00127711
7.34367 	0.00116289
7.34867 	0.00104866
7.35368 	0.000848769
7.35868 	0.000617992
7.36368 	0.000387216
7.36868 	0.000156439
7.37369 	-7.43377e-05
7.37869 	-0.000305114
7.38369 	-0.000535891
7.38869 	-0.000766668
7.3937 	-0.000997444
7.3987 	-0.00122822
7.4037 	-0.00147112
7.4087 	-0.00171827
7.41371 	-0.00196542
7.41871 	-0.00221257
7.42371 	-0.00245973
7.42871 	-0.00270688
7.43372 	-0.00295403
7.43872 	-0.00320119
7.44372 	-0.00344834
7.44872 	-0.00369549
7.45373 	-0.00384514
7.45873 	-0.00396141
7.46373 	-0.00407769
7.46873 	-0.00419396
7.47374 	-0.00431023
7.47874 	-0.00442651
7.48374 	-0.00454278
7.48874 	-0.00465905
7.49375 	-0.00477533
7.49875 	-0.0048916
7.50375 	-0.00481376
7.50875 	-0.00467121
7.51376 	-0.00452866
7.51876 	-0.00438612
7.52376 	-0.00424357
7.52876 	-0.00410102
7.53377 	-0.00395847
7.53877 	-0.00381593
7.54377 	-0.00367338
7.54877 	-0.00353083
7.55378 	-0.00317142
7.55878 	-0.00274163
7.56378 	-0.00231184
7.56878 	-0.00188206
7.57379 	-0.00145227
7.57879 	-0.00102248
7.58379 	-0.000592698
7.58879 	-0.000162911
7.5938 	0.000266875
7.5988 	0.000696662
7.6038 	0.00125122
7.6088 	0.00184519
7.61381 	0.00243916
7.61881 	0.00303312
7.62381 	0.00362709
7.62881 	0.00422105
7.63382 	0.00481502
7.63882 	0.00540898
7.64382 	0.00600295
7.64882 	0.00659692
7.65383 	0.0071185
7.65883 	0.00761786
7.66383 	0.00811722
7.66883 	0.00861657
7.67384 	0.00911593
7.67884 	0.00961528
7.68384 	0.0101146
7.68884 	0.010614
7.69385 	0.0111133
7.69885 	0.0116127
7.70385 	0.0118062
7.70885 	0.0119084
7.71386 	0.0120106
7.71886 	0.0121127
7.72386 	0.0122149
7.72886 	0.0123171
7.73387 	0.0124192
7.73887 	0.0125214
7.74387 	0.0126236
7.74887 	0.0127257
7.75388 	0.012355
7.75888 	0.011847
7.76388 	0.011339
7.76888 	0.010831
7.77389 	0.010323
7.77889 	0.00981504
7.78389 	0.00930704
7.78889 	0.00879905
7.7939 	0.00829105
7.7989 	0.00778306
7.8039 	0.00679117
7.8089 	0.00566279
7.81391 	0.00453442
7.81891 	0.00340604
7.82391 	0.00227766
7.82891 	0.00114929
7.83392 	2.09107e-05
7.83892 	-0.00110747
7.84392 	-0.00223584
7.84892 	-0.00336422
7.85393 	-0.00479738
7.85893 	-0.00631401
7.86393 	-0.00783064
7.86893 	-0.00934728
7.87394 	-0.0108639
7.87894 	-0.0123805
7.88394 	-0.0138972
7.88894 	-0.0154138
7.89395 	-0.0169304
7.89895 	-0.0184471
7.90395 	-0.019934
7.90895 	-0.0214129
7.91396 	-0.0228919
7.91896 	-0.0243708
7.92396 	-0.0258498
7.92896 	-0.0273288
7.93397 	-0.0288077
7.93897 	-0.0302867
7.94397 	-0.0317656
7.94897 	-0.0332446
7.95398 	-0.0342863
7.95898 	-0.0352153
7.96398 	-0.0361443
7.96898 	-0.0370732
7.97399 	-0.0380022
7.97899 	-0.0389312
7.98399 	-0.0398601
7.98899 	-0.0407891
7.994 	-0.0417181
7.999 	-0.042647
8.004 	-0.042749
8.009 	-0.0426441
8.01401 	-0.0425393
8.01901 	-0.0424345
8.02401 	-0.0423297
8.02901 	-0.0422249
8.03402 	-0.04212
8.03902 	-0.0420152
8.04402 	-0.0419104
8.04902 	-0.0418056
8.05403 	-0.040567
8.05903 	-0.0390538
8.06403 	-0.0375406
8.06903 	-0.0360274
8.07404 	-0.0345142
8.07904 	-0.033001
8.08404 	-0.0314878
8.08904 	-0.0299746
8.09405 	-0.0284614
8.09905 	-0.0269482
8.10405 	-0.0241073
8.10905 	-0.020955
8.11406 	-0.0178027
8.11906 	-0.0146504
8.12406 	-0.011498
8.12906 	-0.00834573
8.13407 	-0.00519342
8.13907 	-0.0020411
8.14407 	0.00111121
8.14907 	0.00426353
8.15408 	0.00881869
8.15908 	0.0136923
8.16408 	0.0185659
8.16908 	0.0234395
8.17409 	0.0283131
8.17909 	0.0331867
8.18409 	0.0380603
8.18909 	0.0429339
8.1941 	0.0478075
8.1991 	0.0526812
8.2041 	0.0589125
8.2091 	0.0654419
8.21411 	0.0719712
8.21911 	0.0785006
8.22411 	0.08503
8.22911 	0.0915594
8.23412 	0.0980887
8.23912 	0.104618
8.24412 	0.111147
8.24912 	0.117677
8.25413 	0.125392
8.25913 	0.133358
8.26413 	0.141325
8.26913 	0.149291
8.27414 	0.157258
8.27914 	0.165224
8.28414 	0.173191
8.28914 	0.181157
8.29415 	0.189124
8.29915 	0.19709
8.30415 	0.205939
8.30915 	0.214968
8.31416 	0.223997
8.31916 	0.233026
8.32416 	0.242055
8.32916 	0.251084
8.33417 	0.260114
8.33917 	0.269143
8.34417 	0.278172
8.34917 	0.287201
8.35418 	0.296693
8.35918 	0.306276
8.36418 	0.315859
8.36918 	0.325442
8.37419 	0.335026
8.37919 	0.344609
8.38419 	0.354192
8.38919 	0.363775
8.3942 	0.373359
8.3992 	0.382942
8.4042 	0.392503
8.4092 	0.402059
8.41421 	0.411616
8.41921 	0.421173
8.42421 	0.43073
8.42921 	0.440286
8.43422 	0.449843
8.43922 	0.4594
8.44422 	0.468957
8.44922 	0.478513
8.45423 	0.48758
8.45923 	0.496557
8.46423 	0.505533
8.46923 	0.51451
8.47424 	0.523487
8.47924 	0.532464
8.48424 	0.54144
8.48924 	0.550417
8.49425 	0.559394
8.49925 	0.56837
8.50425 	0.5765
8.50925 	0.584479
8.51426 	0.592459
8.51926 	0.600439
8.52426 	0.608418
8.52926 	0.616398
8.53427 	0.624377
8.53927 	0.632357
8.54427 	0.640337
8.54927 	0.648316
8.55428 	0.655274
8.55928 	0.662058
8.56428 	0.668842
8.56928 	0.675626
8.57429 	0.68241
8.57929 	0.689195
8.58429 	0.695979
8.58929 	0.702763
8.5943 	0.709547
8.5993 	0.716331
8.6043 	0.722124
8.6093 	0.727755
8.61431 	0.733386
8.61931 	0.739018
8.62431 	0.744649
8.62931 	0.750281
8.63432 	0.755912
8.63932 	0.761543
8.64432 	0.767175
8.64932 	0.772806
8.65433 	0.777644
8.65933 	0.782358
8.66433 	0.787072
8.66933 	0.791787
8.67434 	0.796501
8.67934 	0.801215
8.68434 	0.805929
8.68934 	0.810644
8.69435 	0.815358
8.69935 	0.820072
8.70435 	0.82427
8.70935 	0.828392
8.71436 	0.832513
8.71936 	0.836634
8.72436 	0.840755
8.72936 	0.844876
8.73437 	0.848997
8.73937 	0.853119
8.74437 	0.85724
8.74937 	0.861361
8.75438 	0.865213
8.75938 	0.869027
8.76438 	0.872841
8.76938 	0.876655
8.77439 	0.880469
8.77939 	0.884283
8.78439 	0.888097
8.78939 	0.891912
8.7944 	0.895726
8.7994 	0.89954
8.8044 	0.903206
8.8094 	0.906853
8.81441 	0.9105
8.81941 	0.914147
8.82441 	0.917793
8.82941 	0.92144
8.83442 	0.925087
8.83942 	0.928734
8.84442 	0.93238
8.84942 	0.936027
8.85443 	0.939469
8.85943 	0.942885
8.86443 	0.946301
8.86943 	0.949716
8.87444 	0.953132
8.87944 	0.956547
8.88444 	0.959963
8.88944 	0.963379
8.89445 	0.966794
8.89945 	0.97021
8.90445 	0.973188
8.90945 	0.976111
8.91446 	0.979035
8.91946 	0.981958
8.92446 	0.984882
8.92946 	0.987805
8.93447 	0.990729
8.93947 	0.993652
8.94447 	0.996575
8.94947 	0.999499
8.95448 	1.00163
8.95948 	1.00367
8.96448 	1.0057
8.96948 	1.00774
8.97449 	1.00977
8.97949 	1.01181
8.98449 	1.01385
8.98949 	1.01588
8.9945 	1.01792
8.9995 	1.01996
9.0045 	1.02081
9.0095 	1.02153
9.01451 	1.02224
9.01951 	1.02296
9.02451 	1.02368
9.02951 	1.0244
9.03452 	1.02512
9.03952 	1.02584
9.04452 	1.02656
9.04952 	1.02727
9.05453 	1.02647
9.05953 	1.02551
9.06453 	1.02455
9.06953 	1.02358
9.07454 	1.02262
9.07954 	1.02166
9.08454 	1.0207
9.08954 	1.01973
9.09455 	1.01877
9.09955 	1.01781
9.10455 	1.01512
9.10955 	1.01226
9.11456 	1.00941
9.11956 	1.00655
9.12456 	1.00369
9.12956 	1.00083
9.13457 	0.997977
9.13957 	0.995119
9.14457 	0.992262
9.14957 	0.989405
9.15458 	0.984796
9.15958 	0.980026
9.16458 	0.975255
9.16958 	0.970484
9.17459 	0.965714
9.17959 	0.960943
9.18459 	0.956172
9.18959 	0.951402
9.1946 	0.946631
9.1996 	0.94186
9.2046 	0.935494
9.2096 	0.928988
9.21461 	0.922483
9.21961 	0.915978
9.22461 	0.909472
9.22961 	0.902967
9.23462 	0.896461
9.23962 	0.889956
9.24462 	0.883451
9.24962 	0.876945
9.25463 	0.869153
9.25963 	0.861256
9.26463 	0.85336
9.26963 	0.845463
9.27464 	0.837567
9.27964 	0.82967
9.28464 	0.821773
9.28964 	0.813877
9.29465 	0.80598
9.29965 	0.798084
9.30465 	0.78931
9.30965 	0.78047
9.31466 	0.77163
9.31966 	0.76279
9.32466 	0.75395
9.32966 	0.74511
9.33467 	0.73627
9.33967 	0.72743
9.34467 	0.71859
9.34967 	0.70975
9.35468 	0.700488
9.35968 	0.691197
9.36468 	0.681905
9.36968 	0.672614
9.37469 	0.663322
9.37969 	0.654031
9.38469 	0.644739
9.38969 	0.635448
9.3947 	0.626157
9.3997 	0.616865
9.4047 	0.607586
9.4097 	0.598308
9.41471 	0.58903
9.41971 	0.579752
9.42471 	0.570474
9.42971 	0.561196
9.43472 	0.551918
9.43972 	0.54264
9.44472 	0.533362
9.44972 	0.524084
9.45473 	0.515204
9.45973 	0.506347
9.46473 	0.497489
9.46973 	0.488632
9.47474 	0.479775
9.47974 	0.470917
9.48474 	0.46206
9.48974 	0.453203
9.49475 	0.444346
9.49975 	0.435488
9.50475 	0.42731
9.50975 	0.419168
9.51476 	0.411026
9.51976 	0.402884
9.52476 	0.394742
9.52976 	0.3866
9.53477 	0.378458
9.53977 	0.370316
9.54477 	0.362174
9.54977 	0.354032
9.55478 	0.346777
9.55978 	0.339565
9.56478 	0.332352
9.56978 	0.325139
9.57479 	0.317927
9.57979 	0.310714
9.58479 	0.303502
9.58979 	0.296289
9.5948 	0.289077
9.5998 	0.281864
9.6048 	0.275612
9.6098 	0.2694
9.61481 	0.263189
9.61981 	0.256977
9.62481 	0.250765
9.62981 	0.244553
9.63482 	0.238341
9.63982 	0.23213
9.64482 	0.225918
9.64982 	0.219706
9.65483 	0.214509
9.65983 	0.209348
9.66483 	0.204188
9.66983 	0.199027
9.67484 	0.193867
9.67984 	0.188706
9.68484 	0.183546
9.68984 	0.178386
9.69485 	0.173225
9.69985 	0.168065
9.70485 	0.163813
9.70985 	0.159589
9.71486 	0.155364
9.71986 	0.15114
9.72486 	0.146916
9.72986 	0.142692
9.73487 	0.138468
9.73987 	0.134244
9.74487 	0.13002
9.74987 	0.125796
9.75488 	0.12248
9.75988 	0.119186
9.76488 	0.115893
9.76988 	0.1126
9.77489 	0.109306
9.77989 	0.106013
9.78489 	0.10272
9.78989 	0.0994265
9.7949 	0.0961332
9.7999 	0.0928398
9.8049 	0.0902084
9.8099 	0.0875906
9.81491 	0.0849727
9.81991 	0.0823548
9.82491 	0.0797369
9.82991 	0.077119
9.83492 	0.0745011
9.83992 	0.0718833
9.84492 	0.0692654
9.84992 	0.0666475
9.85493 	0.0647623
9.85993 	0.0628883
9.86493 	0.0610142
9.86993 	0.0591402
9.87494 	0.0572662
9.87994 	0.0553922
9.88494 	0.0535181
9.88994 	0.0516441
9.89495 	0.0497701
9.89995 	0.047896
9.90495 	0.0463622
9.90995 	0.0448318
9.91496 	0.0433014
9.91996 	0.041771
9.92496 	0.0402407
9.92996 	0.0387103
9.93497 	0.0371799
9.93997 	0.0356495
9.94497 	0.0341191
9.94997 	0.0325887
9.95498 	0.0316747
9.95998 	0.0307638
9.96498 	0.0298529
9.96998 	0.0289419
9.97499 	0.028031
9.97999 	0.0271201
9.98499 	0.0262092
9.98999 	0.0252983
9.995 	0.0243874
10 	0.0234764
