/*--------------------------------*- C++ -*----------------------------------*\
| =========                 |                                                 |
| \\      /  F ield         | OpenFOAM: The Open Source CFD Toolbox           |
|  \\    /   O peration     | Version:  2206                                  |
|   \\  /    A nd           | Website:  www.openfoam.com                      |
|    \\/     M anipulation  |                                                 |
\*---------------------------------------------------------------------------*/
FoamFile
{
    version     2.0;
    format      ascii;
    arch        "LSB;label=32;scalar=64";
    class       volScalarField;
    location    "5";
    object      T;
}
// * * * * * * * * * * * * * * * * * * * * * * * * * * * * * * * * * * * * * //

dimensions      [0 0 0 1 0 0 0];

internalField   nonuniform List<scalar> 
800
(
-0.0825884
-0.0986633
0.101113
0.183491
0.274361
0.34642
0.279975
0.252839
0.201837
0.114353
0.0901085
0.0594695
0.0188766
0.0194017
0.0148893
-0.00211763
0.00167282
0.00608109
-0.00166845
-0.0024891
0.00265014
0.000742314
-0.00105531
-0.00113182
0.0017274
-0.00186587
0.00430088
-0.00525801
0.00542268
-0.0112457
0.0226486
-0.0116364
0.0366649
-0.0139004
0.117731
0.132305
0.366316
0.393684
0.565529
0.512492
-0.0825884
-0.0986633
0.101113
0.183491
0.274361
0.34642
0.279975
0.252839
0.201837
0.114353
0.0901085
0.0594695
0.0188766
0.0194017
0.0148893
-0.00211763
0.00167282
0.00608109
-0.00166845
-0.0024891
0.00265014
0.000742314
-0.00105531
-0.00113182
0.0017274
-0.00186587
0.00430088
-0.00525801
0.00542268
-0.0112457
0.0226486
-0.0116364
0.0366649
-0.0139004
0.117731
0.132305
0.366316
0.393684
0.565529
0.512492
-0.0825884
-0.0986633
0.101113
0.183491
0.274361
0.34642
0.279975
0.252839
0.201837
0.114353
0.0901085
0.0594695
0.0188766
0.0194017
0.0148893
-0.00211763
0.00167282
0.00608109
-0.00166845
-0.0024891
0.00265014
0.000742314
-0.00105531
-0.00113182
0.0017274
-0.00186587
0.00430088
-0.00525801
0.00542268
-0.0112457
0.0226486
-0.0116364
0.0366649
-0.0139004
0.117731
0.132305
0.366316
0.393684
0.565529
0.512492
-0.0825884
-0.0986633
0.101113
0.183491
0.274361
0.34642
0.279975
0.252839
0.201837
0.114353
0.0901085
0.0594695
0.0188766
0.0194017
0.0148893
-0.00211763
0.00167282
0.00608109
-0.00166845
-0.0024891
0.00265014
0.000742314
-0.00105531
-0.00113182
0.0017274
-0.00186587
0.00430088
-0.00525801
0.00542268
-0.0112457
0.0226486
-0.0116364
0.0366649
-0.0139004
0.117731
0.132305
0.366316
0.393684
0.565529
0.512492
-0.0825884
-0.0986633
0.101113
0.183491
0.274361
0.34642
0.279975
0.252839
0.201837
0.114353
0.0901085
0.0594695
0.0188766
0.0194017
0.0148893
-0.00211763
0.00167282
0.00608109
-0.00166845
-0.0024891
0.00265014
0.000742314
-0.00105531
-0.00113182
0.0017274
-0.00186587
0.00430088
-0.00525801
0.00542268
-0.0112457
0.0226486
-0.0116364
0.0366649
-0.0139004
0.117731
0.132305
0.366316
0.393684
0.565529
0.512492
-0.0825884
-0.0986633
0.101113
0.183491
0.274361
0.34642
0.279975
0.252839
0.201837
0.114353
0.0901085
0.0594695
0.0188766
0.0194017
0.0148893
-0.00211763
0.00167282
0.00608109
-0.00166845
-0.0024891
0.00265014
0.000742314
-0.00105531
-0.00113182
0.0017274
-0.00186587
0.00430088
-0.00525801
0.00542268
-0.0112457
0.0226486
-0.0116364
0.0366649
-0.0139004
0.117731
0.132305
0.366316
0.393684
0.565529
0.512492
-0.0825884
-0.0986633
0.101113
0.183491
0.274361
0.34642
0.279975
0.252839
0.201837
0.114353
0.0901085
0.0594695
0.0188766
0.0194017
0.0148893
-0.00211763
0.00167282
0.00608109
-0.00166845
-0.0024891
0.00265014
0.000742314
-0.00105531
-0.00113182
0.0017274
-0.00186587
0.00430088
-0.00525801
0.00542268
-0.0112457
0.0226486
-0.0116364
0.0366649
-0.0139004
0.117731
0.132305
0.366316
0.393684
0.565529
0.512492
-0.0825884
-0.0986633
0.101113
0.183491
0.274361
0.34642
0.279975
0.252839
0.201837
0.114353
0.0901085
0.0594695
0.0188766
0.0194017
0.0148893
-0.00211763
0.00167282
0.00608109
-0.00166845
-0.0024891
0.00265014
0.000742314
-0.00105531
-0.00113182
0.0017274
-0.00186587
0.00430088
-0.00525801
0.00542268
-0.0112457
0.0226486
-0.0116364
0.0366649
-0.0139004
0.117731
0.132305
0.366316
0.393684
0.565529
0.512492
-0.0825884
-0.0986633
0.101113
0.183491
0.274361
0.34642
0.279975
0.252839
0.201837
0.114353
0.0901085
0.0594695
0.0188766
0.0194017
0.0148893
-0.00211763
0.00167282
0.00608109
-0.00166845
-0.0024891
0.00265014
0.000742314
-0.00105531
-0.00113182
0.0017274
-0.00186587
0.00430088
-0.00525801
0.00542268
-0.0112457
0.0226486
-0.0116364
0.0366649
-0.0139004
0.117731
0.132305
0.366316
0.393684
0.565529
0.512492
-0.0825884
-0.0986633
0.101113
0.183491
0.274361
0.34642
0.279975
0.252839
0.201837
0.114353
0.0901085
0.0594695
0.0188766
0.0194017
0.0148893
-0.00211763
0.00167282
0.00608109
-0.00166845
-0.0024891
0.00265014
0.000742314
-0.00105531
-0.00113182
0.0017274
-0.00186587
0.00430088
-0.00525801
0.00542268
-0.0112457
0.0226486
-0.0116364
0.0366649
-0.0139004
0.117731
0.132305
0.366316
0.393684
0.565529
0.512492
-0.0825884
-0.0986633
0.101113
0.183491
0.274361
0.34642
0.279975
0.252839
0.201837
0.114353
0.0901085
0.0594695
0.0188766
0.0194017
0.0148893
-0.00211763
0.00167282
0.00608109
-0.00166845
-0.0024891
0.00265014
0.000742314
-0.00105531
-0.00113182
0.0017274
-0.00186587
0.00430088
-0.00525801
0.00542268
-0.0112457
0.0226486
-0.0116364
0.0366649
-0.0139004
0.117731
0.132305
0.366316
0.393684
0.565529
0.512492
-0.0825884
-0.0986633
0.101113
0.183491
0.274361
0.34642
0.279975
0.252839
0.201837
0.114353
0.0901085
0.0594695
0.0188766
0.0194017
0.0148893
-0.00211763
0.00167282
0.00608109
-0.00166845
-0.0024891
0.00265014
0.000742314
-0.00105531
-0.00113182
0.0017274
-0.00186587
0.00430088
-0.00525801
0.00542268
-0.0112457
0.0226486
-0.0116364
0.0366649
-0.0139004
0.117731
0.132305
0.366316
0.393684
0.565529
0.512492
-0.0825884
-0.0986633
0.101113
0.183491
0.274361
0.34642
0.279975
0.252839
0.201837
0.114353
0.0901085
0.0594695
0.0188766
0.0194017
0.0148893
-0.00211763
0.00167282
0.00608109
-0.00166845
-0.0024891
0.00265014
0.000742314
-0.00105531
-0.00113182
0.0017274
-0.00186587
0.00430088
-0.00525801
0.00542268
-0.0112457
0.0226486
-0.0116364
0.0366649
-0.0139004
0.117731
0.132305
0.366316
0.393684
0.565529
0.512492
-0.0825884
-0.0986633
0.101113
0.183491
0.274361
0.34642
0.279975
0.252839
0.201837
0.114353
0.0901085
0.0594695
0.0188766
0.0194017
0.0148893
-0.00211763
0.00167282
0.00608109
-0.00166845
-0.0024891
0.00265014
0.000742314
-0.00105531
-0.00113182
0.0017274
-0.00186587
0.00430088
-0.00525801
0.00542268
-0.0112457
0.0226486
-0.0116364
0.0366649
-0.0139004
0.117731
0.132305
0.366316
0.393684
0.565529
0.512492
-0.0825884
-0.0986633
0.101113
0.183491
0.274361
0.34642
0.279975
0.252839
0.201837
0.114353
0.0901085
0.0594695
0.0188766
0.0194017
0.0148893
-0.00211763
0.00167282
0.00608109
-0.00166845
-0.0024891
0.00265014
0.000742314
-0.00105531
-0.00113182
0.0017274
-0.00186587
0.00430088
-0.00525801
0.00542268
-0.0112457
0.0226486
-0.0116364
0.0366649
-0.0139004
0.117731
0.132305
0.366316
0.393684
0.565529
0.512492
-0.0825884
-0.0986633
0.101113
0.183491
0.274361
0.34642
0.279975
0.252839
0.201837
0.114353
0.0901085
0.0594695
0.0188766
0.0194017
0.0148893
-0.00211763
0.00167282
0.00608109
-0.00166845
-0.0024891
0.00265014
0.000742314
-0.00105531
-0.00113182
0.0017274
-0.00186587
0.00430088
-0.00525801
0.00542268
-0.0112457
0.0226486
-0.0116364
0.0366649
-0.0139004
0.117731
0.132305
0.366316
0.393684
0.565529
0.512492
-0.0825884
-0.0986633
0.101113
0.183491
0.274361
0.34642
0.279975
0.252839
0.201837
0.114353
0.0901085
0.0594695
0.0188766
0.0194017
0.0148893
-0.00211763
0.00167282
0.00608109
-0.00166845
-0.0024891
0.00265014
0.000742314
-0.00105531
-0.00113182
0.0017274
-0.00186587
0.00430088
-0.00525801
0.00542268
-0.0112457
0.0226486
-0.0116364
0.0366649
-0.0139004
0.117731
0.132305
0.366316
0.393684
0.565529
0.512492
-0.0825884
-0.0986633
0.101113
0.183491
0.274361
0.34642
0.279975
0.252839
0.201837
0.114353
0.0901085
0.0594695
0.0188766
0.0194017
0.0148893
-0.00211763
0.00167282
0.00608109
-0.00166845
-0.0024891
0.00265014
0.000742314
-0.00105531
-0.00113182
0.0017274
-0.00186587
0.00430088
-0.00525801
0.00542268
-0.0112457
0.0226486
-0.0116364
0.0366649
-0.0139004
0.117731
0.132305
0.366316
0.393684
0.565529
0.512492
-0.0825884
-0.0986633
0.101113
0.183491
0.274361
0.34642
0.279975
0.252839
0.201837
0.114353
0.0901085
0.0594695
0.0188766
0.0194017
0.0148893
-0.00211763
0.00167282
0.00608109
-0.00166845
-0.0024891
0.00265014
0.000742314
-0.00105531
-0.00113182
0.0017274
-0.00186587
0.00430088
-0.00525801
0.00542268
-0.0112457
0.0226486
-0.0116364
0.0366649
-0.0139004
0.117731
0.132305
0.366316
0.393684
0.565529
0.512492
-0.0825884
-0.0986633
0.101113
0.183491
0.274361
0.34642
0.279975
0.252839
0.201837
0.114353
0.0901085
0.0594695
0.0188766
0.0194017
0.0148893
-0.00211763
0.00167282
0.00608109
-0.00166845
-0.0024891
0.00265014
0.000742314
-0.00105531
-0.00113182
0.0017274
-0.00186587
0.00430088
-0.00525801
0.00542268
-0.0112457
0.0226486
-0.0116364
0.0366649
-0.0139004
0.117731
0.132305
0.366316
0.393684
0.565529
0.512492
)
;

boundaryField
{
    sides
    {
        type            zeroGradient;
    }
    empty
    {
        type            empty;
    }
}


// ************************************************************************* //
