0 	0
0.0050025 	0
0.010005 	0
0.0150075 	0
0.02001 	0
0.0250125 	0
0.030015 	0
0.0350175 	0
0.04002 	0
0.0450225 	0
0.050025 	0
0.0550275 	0
0.06003 	0
0.0650325 	0
0.070035 	0
0.0750375 	0
0.08004 	0
0.0850425 	0
0.090045 	0
0.0950475 	0
0.10005 	0
0.105053 	0
0.110055 	0
0.115058 	0
0.12006 	0
0.125063 	0
0.130065 	0
0.135068 	0
0.14007 	0
0.145073 	0
0.150075 	0
0.155078 	0
0.16008 	0
0.165083 	0
0.170085 	0
0.175088 	0
0.18009 	0
0.185093 	0
0.190095 	0
0.195098 	0
0.2001 	0
0.205103 	0
0.210105 	0
0.215108 	0
0.22011 	0
0.225113 	0
0.230115 	0
0.235118 	0
0.24012 	0
0.245123 	0
0.250125 	0
0.255128 	0
0.26013 	0
0.265133 	0
0.270135 	0
0.275138 	0
0.28014 	0
0.285143 	0
0.290145 	0
0.295148 	0
0.30015 	0
0.305153 	0
0.310155 	0
0.315158 	0
0.32016 	0
0.325163 	0
0.330165 	0
0.335168 	0
0.34017 	0
0.345173 	0
0.350175 	0
0.355178 	0
0.36018 	0
0.365183 	0
0.370185 	0
0.375188 	0
0.38019 	0
0.385193 	0
0.390195 	0
0.395198 	0
0.4002 	0
0.405203 	0
0.410205 	0
0.415208 	0
0.42021 	0
0.425213 	0
0.430215 	0
0.435218 	0
0.44022 	0
0.445223 	0
0.450225 	0
0.455228 	0
0.46023 	0
0.465233 	0
0.470235 	0
0.475238 	0
0.48024 	0
0.485243 	0
0.490245 	0
0.495248 	0
0.50025 	0
0.505253 	0
0.510255 	0
0.515258 	0
0.52026 	0
0.525263 	0
0.530265 	0
0.535268 	0
0.54027 	0
0.545273 	0
0.550275 	0
0.555278 	0
0.56028 	0
0.565283 	0
0.570285 	0
0.575288 	0
0.58029 	0
0.585293 	0
0.590295 	0
0.595298 	0
0.6003 	0
0.605303 	0
0.610305 	0
0.615308 	0
0.62031 	0
0.625313 	0
0.630315 	0
0.635318 	0
0.64032 	0
0.645323 	0
0.650325 	0
0.655328 	0
0.66033 	0
0.665333 	0
0.670335 	0
0.675338 	0
0.68034 	0
0.685343 	0
0.690345 	0
0.695348 	0
0.70035 	0
0.705353 	0
0.710355 	0
0.715358 	0
0.72036 	0
0.725363 	0
0.730365 	0
0.735368 	0
0.74037 	0
0.745373 	0
0.750375 	0
0.755378 	0
0.76038 	0
0.765383 	0
0.770385 	0
0.775388 	0
0.78039 	0
0.785393 	0
0.790395 	0
0.795398 	0
0.8004 	0
0.805403 	0
0.810405 	0
0.815408 	0
0.82041 	0
0.825413 	0
0.830415 	0
0.835418 	0
0.84042 	0
0.845423 	0
0.850425 	0
0.855428 	0
0.86043 	0
0.865433 	0
0.870435 	0
0.875438 	0
0.88044 	0
0.885443 	0
0.890445 	0
0.895448 	0
0.90045 	0
0.905453 	0
0.910455 	0
0.915458 	0
0.92046 	0
0.925463 	0
0.930465 	0
0.935468 	0
0.94047 	0
0.945473 	0
0.950475 	0
0.955478 	0
0.96048 	0
0.965483 	0
0.970485 	0
0.975488 	0
0.98049 	0
0.985493 	0
0.990495 	0
0.995498 	0
1.0005 	0
1.0055 	0
1.01051 	0
1.01551 	0
1.02051 	0
1.02551 	0
1.03052 	0
1.03552 	0
1.04052 	0
1.04552 	0
1.05053 	0
1.05553 	0
1.06053 	0
1.06553 	0
1.07054 	0
1.07554 	0
1.08054 	0
1.08554 	0
1.09055 	0
1.09555 	0
1.10055 	0
1.10555 	0
1.11056 	0
1.11556 	0
1.12056 	0
1.12556 	0
1.13057 	0
1.13557 	0
1.14057 	0
1.14557 	0
1.15058 	0
1.15558 	0
1.16058 	0
1.16558 	0
1.17059 	0
1.17559 	0
1.18059 	0
1.18559 	0
1.1906 	0
1.1956 	0
1.2006 	0
1.2056 	0
1.21061 	0
1.21561 	0
1.22061 	0
1.22561 	0
1.23062 	0
1.23562 	0
1.24062 	0
1.24562 	0
1.25063 	0
1.25563 	0
1.26063 	0
1.26563 	0
1.27064 	0
1.27564 	0
1.28064 	0
1.28564 	0
1.29065 	0
1.29565 	0
1.30065 	0
1.30565 	0
1.31066 	0
1.31566 	0
1.32066 	0
1.32566 	0
1.33067 	0
1.33567 	0
1.34067 	0
1.34567 	0
1.35068 	0
1.35568 	0
1.36068 	0
1.36568 	0
1.37069 	0
1.37569 	0
1.38069 	0
1.38569 	0
1.3907 	0
1.3957 	0
1.4007 	0
1.4057 	0
1.41071 	0
1.41571 	0
1.42071 	0
1.42571 	0
1.43072 	0
1.43572 	0
1.44072 	0
1.44572 	0
1.45073 	0
1.45573 	0
1.46073 	0
1.46573 	0
1.47074 	0
1.47574 	0
1.48074 	0
1.48574 	0
1.49075 	0
1.49575 	0
1.50075 	0
1.50575 	0
1.51076 	0
1.51576 	0
1.52076 	0
1.52576 	0
1.53077 	0
1.53577 	0
1.54077 	0
1.54577 	0
1.55078 	0
1.55578 	0
1.56078 	0
1.56578 	0
1.57079 	0
1.57579 	0
1.58079 	0
1.58579 	0
1.5908 	0
1.5958 	0
1.6008 	0
1.6058 	0
1.61081 	0
1.61581 	0
1.62081 	0
1.62581 	0
1.63082 	0
1.63582 	0
1.64082 	0
1.64582 	0
1.65083 	0
1.65583 	0
1.66083 	0
1.66583 	0
1.67084 	0
1.67584 	0
1.68084 	0
1.68584 	0
1.69085 	0
1.69585 	0
1.70085 	0
1.70585 	0
1.71086 	0
1.71586 	0
1.72086 	0
1.72586 	0
1.73087 	0
1.73587 	0
1.74087 	0
1.74587 	0
1.75088 	0
1.75588 	0
1.76088 	0
1.76588 	0
1.77089 	0
1.77589 	0
1.78089 	0
1.78589 	0
1.7909 	0
1.7959 	0
1.8009 	0
1.8059 	0
1.81091 	0
1.81591 	0
1.82091 	0
1.82591 	0
1.83092 	0
1.83592 	0
1.84092 	0
1.84592 	0
1.85093 	0
1.85593 	0
1.86093 	0
1.86593 	0
1.87094 	0
1.87594 	0
1.88094 	0
1.88594 	0
1.89095 	0
1.89595 	0
1.90095 	0
1.90595 	0
1.91096 	0
1.91596 	0
1.92096 	0
1.92596 	0
1.93097 	0
1.93597 	0
1.94097 	0
1.94597 	0
1.95098 	0
1.95598 	0
1.96098 	0
1.96598 	0
1.97099 	0
1.97599 	0
1.98099 	0
1.98599 	0
1.991 	0
1.996 	0
2.001 	0
2.006 	0
2.01101 	0
2.01601 	0
2.02101 	0
2.02601 	0
2.03102 	0
2.03602 	0
2.04102 	0
2.04602 	0
2.05103 	0
2.05603 	0
2.06103 	0
2.06603 	0
2.07104 	0
2.07604 	0
2.08104 	0
2.08604 	0
2.09105 	0
2.09605 	0
2.10105 	0
2.10605 	0
2.11106 	0
2.11606 	0
2.12106 	0
2.12606 	0
2.13107 	0
2.13607 	0
2.14107 	0
2.14607 	0
2.15108 	0
2.15608 	0
2.16108 	0
2.16608 	0
2.17109 	0
2.17609 	0
2.18109 	0
2.18609 	0
2.1911 	0
2.1961 	0
2.2011 	0
2.2061 	0
2.21111 	0
2.21611 	0
2.22111 	0
2.22611 	0
2.23112 	0
2.23612 	0
2.24112 	0
2.24612 	0
2.25113 	0
2.25613 	0
2.26113 	0
2.26613 	0
2.27114 	0
2.27614 	0
2.28114 	0
2.28614 	0
2.29115 	0
2.29615 	0
2.30115 	0
2.30615 	0
2.31116 	0
2.31616 	0
2.32116 	0
2.32616 	0
2.33117 	0
2.33617 	0
2.34117 	0
2.34617 	0
2.35118 	0
2.35618 	0
2.36118 	0
2.36618 	0
2.37119 	0
2.37619 	0
2.38119 	0
2.38619 	0
2.3912 	0
2.3962 	0
2.4012 	0
2.4062 	0
2.41121 	0
2.41621 	0
2.42121 	0
2.42621 	0
2.43122 	0
2.43622 	0
2.44122 	0
2.44622 	0
2.45123 	0
2.45623 	0
2.46123 	0
2.46623 	0
2.47124 	0
2.47624 	0
2.48124 	0
2.48624 	0
2.49125 	0
2.49625 	0
2.50125 	-5.81708e-37
2.50625 	-2.90854e-36
2.51126 	-5.23537e-36
2.51626 	-7.5622e-36
2.52126 	-9.88904e-36
2.52626 	-1.22159e-35
2.53127 	-1.45427e-35
2.53627 	-1.68695e-35
2.54127 	-1.91964e-35
2.54627 	-2.15232e-35
2.55128 	3.13118e-26
2.55628 	1.54103e-25
2.56128 	2.76894e-25
2.56628 	3.99685e-25
2.57129 	5.22477e-25
2.57629 	6.45268e-25
2.58129 	7.68059e-25
2.58629 	8.9085e-25
2.5913 	1.01364e-24
2.5963 	1.13643e-24
2.6013 	-5.23721e-21
2.6063 	-2.5385e-20
2.61131 	-4.55329e-20
2.61631 	-6.56807e-20
2.62131 	-8.58285e-20
2.62631 	-1.05976e-19
2.63132 	-1.26124e-19
2.63632 	-1.46272e-19
2.64132 	-1.6642e-19
2.64632 	-1.86568e-19
2.65133 	1.40071e-18
2.65633 	7.44632e-18
2.66133 	1.34919e-17
2.66633 	1.95375e-17
2.67134 	2.55831e-17
2.67634 	3.16288e-17
2.68134 	3.76744e-17
2.68634 	4.372e-17
2.69135 	4.97656e-17
2.69635 	5.58112e-17
2.70135 	3.20325e-17
2.70635 	-7.23822e-17
2.71136 	-1.76797e-16
2.71636 	-2.81212e-16
2.72136 	-3.85626e-16
2.72636 	-4.90041e-16
2.73137 	-5.94456e-16
2.73637 	-6.98871e-16
2.74137 	-8.03285e-16
2.74637 	-9.077e-16
2.75138 	-8.07497e-16
2.75638 	-1.67846e-16
2.76138 	4.71804e-16
2.76638 	1.11145e-15
2.77139 	1.75111e-15
2.77639 	2.39076e-15
2.78139 	3.03041e-15
2.78639 	3.67006e-15
2.7914 	4.30971e-15
2.7964 	4.94936e-15
2.8014 	4.66694e-15
2.8064 	2.01347e-15
2.81141 	-6.40002e-16
2.81641 	-3.29347e-15
2.82141 	-5.94694e-15
2.82641 	-8.60041e-15
2.83142 	-1.12539e-14
2.83642 	-1.39073e-14
2.84142 	-1.65608e-14
2.84642 	-1.92143e-14
2.85143 	-1.83271e-14
2.85643 	-8.55733e-15
2.86143 	1.21246e-15
2.86643 	1.09822e-14
2.87144 	2.0752e-14
2.87644 	3.05218e-14
2.88144 	4.02916e-14
2.88644 	5.00614e-14
2.89145 	5.98312e-14
2.89645 	6.9601e-14
2.90145 	6.65496e-14
2.90645 	3.21084e-14
2.91146 	-2.33277e-15
2.91646 	-3.6774e-14
2.92146 	-7.12151e-14
2.92646 	-1.05656e-13
2.93147 	-1.40097e-13
2.93647 	-1.74539e-13
2.94147 	-2.0898e-13
2.94647 	-2.43421e-13
2.95148 	-2.33485e-13
2.95648 	-1.17494e-13
2.96148 	-1.50338e-15
2.96648 	1.14487e-13
2.97149 	2.30478e-13
2.97649 	3.46469e-13
2.98149 	4.62459e-13
2.98649 	5.7845e-13
2.9915 	6.94441e-13
2.9965 	8.10432e-13
3.0015 	7.80466e-13
3.0065 	4.09936e-13
3.01151 	3.94056e-14
3.01651 	-3.31125e-13
3.02151 	-7.01655e-13
3.02651 	-1.07219e-12
3.03152 	-1.44272e-12
3.03652 	-1.81325e-12
3.04152 	-2.18378e-12
3.04652 	-2.55431e-12
3.05153 	-2.471e-12
3.05653 	-1.35356e-12
3.06153 	-2.36111e-13
3.06653 	8.81335e-13
3.07154 	1.99878e-12
3.07654 	3.11623e-12
3.08154 	4.23367e-12
3.08654 	5.35112e-12
3.09155 	6.46857e-12
3.09655 	7.58601e-12
3.10155 	7.37664e-12
3.10655 	4.21403e-12
3.11156 	1.05142e-12
3.11656 	-2.11119e-12
3.12156 	-5.2738e-12
3.12656 	-8.43641e-12
3.13157 	-1.1599e-11
3.13657 	-1.47616e-11
3.14157 	-1.79242e-11
3.14657 	-2.10869e-11
3.15158 	-2.06285e-11
3.15658 	-1.2296e-11
3.16158 	-3.96354e-12
3.16658 	4.36894e-12
3.17159 	1.27014e-11
3.17659 	2.10339e-11
3.18159 	2.93664e-11
3.18659 	3.76989e-11
3.1916 	4.60314e-11
3.1966 	5.43639e-11
3.2016 	5.35626e-11
3.2066 	3.33522e-11
3.21161 	1.31417e-11
3.21661 	-7.06874e-12
3.22161 	-2.72792e-11
3.22661 	-4.74896e-11
3.23162 	-6.77001e-11
3.23662 	-8.79105e-11
3.24162 	-1.08121e-10
3.24662 	-1.28331e-10
3.25163 	-1.27546e-10
3.25663 	-8.3155e-11
3.26163 	-3.87637e-11
3.26663 	5.62755e-12
3.27164 	5.00188e-11
3.27664 	9.44101e-11
3.28164 	1.38801e-10
3.28664 	1.83193e-10
3.29165 	2.27584e-10
3.29665 	2.71975e-10
3.30165 	2.73356e-10
3.30665 	1.87413e-10
3.31166 	1.01471e-10
3.31666 	1.55278e-11
3.32166 	-7.0415e-11
3.32666 	-1.56358e-10
3.33167 	-2.42301e-10
3.33667 	-3.28244e-10
3.34167 	-4.14186e-10
3.34667 	-5.00129e-10
3.35168 	-5.10648e-10
3.35668 	-3.71445e-10
3.36168 	-2.32241e-10
3.36668 	-9.30375e-11
3.37169 	4.61659e-11
3.37669 	1.85369e-10
3.38169 	3.24573e-10
3.38669 	4.63776e-10
3.3917 	6.0298e-10
3.3967 	7.42183e-10
3.4017 	7.78131e-10
3.4067 	6.1364e-10
3.41171 	4.49149e-10
3.41671 	2.84658e-10
3.42171 	1.20167e-10
3.42671 	-4.43239e-11
3.43172 	-2.08815e-10
3.43672 	-3.73306e-10
3.44172 	-5.37797e-10
3.44672 	-7.02288e-10
3.45173 	-7.90517e-10
3.45673 	-7.3396e-10
3.46173 	-6.77403e-10
3.46673 	-6.20846e-10
3.47174 	-5.64289e-10
3.47674 	-5.07731e-10
3.48174 	-4.51174e-10
3.48674 	-3.94617e-10
3.49175 	-3.3806e-10
3.49675 	-2.81503e-10
3.50175 	-1.16688e-10
3.50675 	2.49178e-10
3.51176 	6.15045e-10
3.51676 	9.80911e-10
3.52176 	1.34678e-09
3.52676 	1.71264e-09
3.53177 	2.07851e-09
3.53677 	2.44437e-09
3.54177 	2.81024e-09
3.54677 	3.17611e-09
3.55178 	2.95493e-09
3.55678 	1.66714e-09
3.56178 	3.79354e-10
3.56678 	-9.08432e-10
3.57179 	-2.19622e-09
3.57679 	-3.484e-09
3.58179 	-4.77179e-09
3.58679 	-6.05958e-09
3.5918 	-7.34736e-09
3.5968 	-8.63515e-09
3.6018 	-8.58977e-09
3.6068 	-6.17433e-09
3.61181 	-3.75888e-09
3.61681 	-1.34343e-09
3.62181 	1.07201e-09
3.62681 	3.48746e-09
3.63182 	5.90291e-09
3.63682 	8.31835e-09
3.64182 	1.07338e-08
3.64682 	1.31492e-08
3.65183 	1.38871e-08
3.65683 	1.17064e-08
3.66183 	9.52562e-09
3.66683 	7.34489e-09
3.67184 	5.16416e-09
3.67684 	2.98343e-09
3.68184 	8.027e-10
3.68684 	-1.37803e-09
3.69185 	-3.55876e-09
3.69685 	-5.73949e-09
3.70185 	-7.90922e-09
3.70685 	-1.00602e-08
3.71186 	-1.22112e-08
3.71686 	-1.43622e-08
3.72186 	-1.65132e-08
3.72686 	-1.86642e-08
3.73187 	-2.08152e-08
3.73687 	-2.29661e-08
3.74187 	-2.51171e-08
3.74687 	-2.72681e-08
3.75188 	-2.40972e-08
3.75688 	-1.20564e-08
3.76188 	-1.56261e-11
3.76688 	1.20252e-08
3.77189 	2.40659e-08
3.77689 	3.61067e-08
3.78189 	4.81475e-08
3.78689 	6.01883e-08
3.7919 	7.22291e-08
3.7969 	8.42699e-08
3.8019 	8.40511e-08
3.8069 	6.38299e-08
3.81191 	4.36087e-08
3.81691 	2.33875e-08
3.82191 	3.16634e-09
3.82691 	-1.70549e-08
3.83192 	-3.7276e-08
3.83692 	-5.74972e-08
3.84192 	-7.77184e-08
3.84692 	-9.79396e-08
3.85193 	-1.0827e-07
3.85693 	-1.02801e-07
3.86193 	-9.73325e-08
3.86693 	-9.18637e-08
3.87194 	-8.63949e-08
3.87694 	-8.0926e-08
3.88194 	-7.54572e-08
3.88694 	-6.99884e-08
3.89195 	-6.45196e-08
3.89695 	-5.90507e-08
3.90195 	-3.58543e-08
3.90695 	1.50701e-08
3.91196 	6.59944e-08
3.91696 	1.16919e-07
3.92196 	1.67843e-07
3.92696 	2.18767e-07
3.93197 	2.69692e-07
3.93697 	3.20616e-07
3.94197 	3.7154e-07
3.94697 	4.22465e-07
3.95198 	4.10533e-07
3.95698 	3.02328e-07
3.96198 	1.94123e-07
3.96698 	8.59183e-08
3.97199 	-2.22867e-08
3.97699 	-1.30492e-07
3.98199 	-2.38696e-07
3.98699 	-3.46901e-07
3.992 	-4.55106e-07
3.997 	-5.63311e-07
4.002 	-6.16179e-07
4.007 	-5.86042e-07
4.01201 	-5.55905e-07
4.01701 	-5.25768e-07
4.02201 	-4.95631e-07
4.02701 	-4.65494e-07
4.03202 	-4.35357e-07
4.03702 	-4.0522e-07
4.04202 	-3.75083e-07
4.04702 	-3.44946e-07
4.05203 	-2.17837e-07
4.05703 	5.17361e-08
4.06203 	3.21309e-07
4.06703 	5.90883e-07
4.07204 	8.60456e-07
4.07704 	1.13003e-06
4.08204 	1.3996e-06
4.08704 	1.66918e-06
4.09205 	1.93875e-06
4.09705 	2.20832e-06
4.10205 	2.18037e-06
4.10705 	1.72428e-06
4.11206 	1.26819e-06
4.11706 	8.121e-07
4.12206 	3.56009e-07
4.12706 	-1.00082e-07
4.13207 	-5.56174e-07
4.13707 	-1.01226e-06
4.14207 	-1.46836e-06
4.14707 	-1.92445e-06
4.15208 	-2.27357e-06
4.15708 	-2.47189e-06
4.16208 	-2.67022e-06
4.16708 	-2.86854e-06
4.17209 	-3.06687e-06
4.17709 	-3.26519e-06
4.18209 	-3.46352e-06
4.18709 	-3.66184e-06
4.1921 	-3.86017e-06
4.1971 	-4.05849e-06
4.2021 	-3.54732e-06
4.2071 	-2.05637e-06
4.21211 	-5.65414e-07
4.21711 	9.2554e-07
4.22211 	2.41649e-06
4.22711 	3.90745e-06
4.23212 	5.3984e-06
4.23712 	6.88936e-06
4.24212 	8.38031e-06
4.24712 	9.87126e-06
4.25213 	1.0343e-05
4.25713 	9.43575e-06
4.26213 	8.52851e-06
4.26713 	7.62126e-06
4.27214 	6.71402e-06
4.27714 	5.80678e-06
4.28214 	4.89954e-06
4.28714 	3.9923e-06
4.29215 	3.08506e-06
4.29715 	2.17782e-06
4.30215 	2.42588e-07
4.30715 	-3.05533e-06
4.31216 	-6.35325e-06
4.31716 	-9.65117e-06
4.32216 	-1.29491e-05
4.32716 	-1.6247e-05
4.33217 	-1.95449e-05
4.33717 	-2.28428e-05
4.34217 	-2.61408e-05
4.34717 	-2.94387e-05
4.35218 	-2.92565e-05
4.35718 	-2.45541e-05
4.36218 	-1.98517e-05
4.36718 	-1.51493e-05
4.37219 	-1.04469e-05
4.37719 	-5.74455e-06
4.38219 	-1.04217e-06
4.38719 	3.66021e-06
4.3922 	8.3626e-06
4.3972 	1.3065e-05
4.4022 	1.83891e-05
4.4072 	2.45047e-05
4.41221 	3.06202e-05
4.41721 	3.67357e-05
4.42221 	4.28513e-05
4.42721 	4.89668e-05
4.43222 	5.50823e-05
4.43722 	6.11978e-05
4.44222 	6.73134e-05
4.44722 	7.34289e-05
4.45223 	7.03587e-05
4.45723 	5.58321e-05
4.46223 	4.13055e-05
4.46723 	2.67789e-05
4.47224 	1.22523e-05
4.47724 	-2.27424e-06
4.48224 	-1.68008e-05
4.48724 	-3.13274e-05
4.49225 	-4.5854e-05
4.49725 	-6.03806e-05
4.50225 	-7.36601e-05
4.50725 	-8.54154e-05
4.51226 	-9.71707e-05
4.51726 	-0.000108926
4.52226 	-0.000120681
4.52726 	-0.000132437
4.53227 	-0.000144192
4.53727 	-0.000155947
4.54227 	-0.000167702
4.54727 	-0.000179458
4.55228 	-0.000168627
4.55728 	-0.000130742
4.56228 	-9.28573e-05
4.56728 	-5.49725e-05
4.57229 	-1.70877e-05
4.57729 	2.07971e-05
4.58229 	5.86819e-05
4.58729 	9.65667e-05
4.5923 	0.000134452
4.5973 	0.000172336
4.6023 	0.000206108
4.6073 	0.000235052
4.61231 	0.000263996
4.61731 	0.00029294
4.62231 	0.000321884
4.62731 	0.000350827
4.63232 	0.000379771
4.63732 	0.000408715
4.64232 	0.000437659
4.64732 	0.000466603
4.65233 	0.000440683
4.65733 	0.00035164
4.66233 	0.000262597
4.66733 	0.000173555
4.67234 	8.45121e-05
4.67734 	-4.53063e-06
4.68234 	-9.35733e-05
4.68734 	-0.000182616
4.69235 	-0.000271659
4.69735 	-0.000360701
4.70235 	-0.000450729
4.70735 	-0.000541866
4.71236 	-0.000633004
4.71736 	-0.000724142
4.72236 	-0.00081528
4.72736 	-0.000906417
4.73237 	-0.000997555
4.73737 	-0.00108869
4.74237 	-0.00117983
4.74737 	-0.00127097
4.75238 	-0.00123722
4.75738 	-0.00106544
4.76238 	-0.000893663
4.76738 	-0.000721884
4.77239 	-0.000550105
4.77739 	-0.000378326
4.78239 	-0.000206547
4.78739 	-3.47679e-05
4.7924 	0.000137011
4.7974 	0.00030879
4.8024 	0.000540998
4.8074 	0.000838671
4.81241 	0.00113634
4.81741 	0.00143402
4.82241 	0.00173169
4.82741 	0.00202936
4.83242 	0.00232703
4.83742 	0.00262471
4.84242 	0.00292238
4.84742 	0.00322005
4.85243 	0.00328345
4.85743 	0.00309808
4.86243 	0.0029127
4.86743 	0.00272733
4.87244 	0.00254196
4.87744 	0.00235659
4.88244 	0.00217122
4.88744 	0.00198585
4.89245 	0.00180047
4.89745 	0.0016151
4.90245 	0.00113055
4.90745 	0.000334605
4.91246 	-0.000461338
4.91746 	-0.00125728
4.92246 	-0.00205323
4.92746 	-0.00284917
4.93247 	-0.00364511
4.93747 	-0.00444106
4.94247 	-0.005237
4.94747 	-0.00603295
4.95248 	-0.00660472
4.95748 	-0.00694778
4.96248 	-0.00729085
4.96748 	-0.00763392
4.97249 	-0.00797699
4.97749 	-0.00832006
4.98249 	-0.00866313
4.98749 	-0.00900619
4.9925 	-0.00934926
4.9975 	-0.00969233
5.0025 	-0.0092013
5.0075 	-0.00787617
5.01251 	-0.00655105
5.01751 	-0.00522592
5.02251 	-0.00390079
5.02751 	-0.00257566
5.03252 	-0.00125054
5.03752 	7.45909e-05
5.04252 	0.00139972
5.04752 	0.00272485
5.05253 	0.00450843
5.05753 	0.0067414
5.06253 	0.00897436
5.06753 	0.0112073
5.07254 	0.0134403
5.07754 	0.0156733
5.08254 	0.0179062
5.08754 	0.0201392
5.09255 	0.0223722
5.09755 	0.0246051
5.10255 	0.025835
5.10755 	0.0261012
5.11256 	0.0263674
5.11756 	0.0266337
5.12256 	0.0268999
5.12756 	0.0271661
5.13257 	0.0274323
5.13757 	0.0276985
5.14257 	0.0279647
5.14757 	0.0282309
5.15258 	0.0263084
5.15758 	0.0223248
5.16258 	0.0183411
5.16758 	0.0143574
5.17259 	0.0103738
5.17759 	0.00639012
5.18259 	0.00240646
5.18759 	-0.0015772
5.1926 	-0.00556086
5.1976 	-0.00954452
5.2026 	-0.0149077
5.2076 	-0.0215442
5.21261 	-0.0281808
5.21761 	-0.0348173
5.22261 	-0.0414539
5.22761 	-0.0480904
5.23262 	-0.054727
5.23762 	-0.0613635
5.24262 	-0.0680001
5.24762 	-0.0746366
5.25263 	-0.0796727
5.25763 	-0.0832608
5.26263 	-0.0868488
5.26763 	-0.0904369
5.27264 	-0.0940249
5.27764 	-0.097613
5.28264 	-0.101201
5.28764 	-0.104789
5.29265 	-0.108377
5.29765 	-0.111965
5.30265 	-0.110946
5.30765 	-0.10584
5.31266 	-0.100735
5.31766 	-0.0956297
5.32266 	-0.0905244
5.32766 	-0.085419
5.33267 	-0.0803137
5.33767 	-0.0752083
5.34267 	-0.070103
5.34767 	-0.0649976
5.35268 	-0.0541143
5.35768 	-0.038209
5.36268 	-0.0223037
5.36768 	-0.00639842
5.37269 	0.00950687
5.37769 	0.0254122
5.38269 	0.0413174
5.38769 	0.0572227
5.3927 	0.073128
5.3977 	0.0890333
5.4027 	0.109235
5.4077 	0.133096
5.41271 	0.156957
5.41771 	0.180819
5.42271 	0.20468
5.42771 	0.228541
5.43272 	0.252403
5.43772 	0.276264
5.44272 	0.300125
5.44772 	0.323986
5.45273 	0.348644
5.45773 	0.373968
5.46273 	0.399291
5.46773 	0.424614
5.47274 	0.449937
5.47774 	0.47526
5.48274 	0.500583
5.48774 	0.525906
5.49275 	0.551229
5.49775 	0.576552
5.50275 	0.599271
5.50775 	0.619859
5.51276 	0.640447
5.51776 	0.661035
5.52276 	0.681623
5.52776 	0.70221
5.53277 	0.722798
5.53777 	0.743386
5.54277 	0.763974
5.54777 	0.784562
5.55278 	0.800853
5.55778 	0.813698
5.56278 	0.826542
5.56778 	0.839387
5.57279 	0.852232
5.57779 	0.865077
5.58279 	0.877922
5.58779 	0.890767
5.5928 	0.903612
5.5978 	0.916457
5.6028 	0.925463
5.6078 	0.931451
5.61281 	0.937439
5.61781 	0.943427
5.62281 	0.949415
5.62781 	0.955404
5.63282 	0.961392
5.63782 	0.96738
5.64282 	0.973368
5.64782 	0.979356
5.65283 	0.983023
5.65783 	0.984901
5.66283 	0.98678
5.66783 	0.988658
5.67284 	0.990537
5.67784 	0.992416
5.68284 	0.994294
5.68784 	0.996173
5.69285 	0.998051
5.69785 	0.99993
5.70285 	1.00087
5.70785 	1.00109
5.71286 	1.00131
5.71786 	1.00154
5.72286 	1.00176
5.72786 	1.00198
5.73287 	1.00221
5.73787 	1.00243
5.74287 	1.00266
5.74787 	1.00288
5.75288 	1.00282
5.75788 	1.00256
5.76288 	1.0023
5.76788 	1.00203
5.77289 	1.00177
5.77789 	1.0015
5.78289 	1.00124
5.78789 	1.00098
5.7929 	1.00071
5.7979 	1.00045
5.8029 	1.00013
5.8079 	0.999779
5.81291 	0.999426
5.81791 	0.999072
5.82291 	0.998719
5.82791 	0.998365
5.83292 	0.998012
5.83792 	0.997659
5.84292 	0.997305
5.84792 	0.996952
5.85293 	0.996904
5.85793 	0.997074
5.86293 	0.997243
5.86793 	0.997412
5.87294 	0.997581
5.87794 	0.997751
5.88294 	0.99792
5.88794 	0.998089
5.89295 	0.998258
5.89795 	0.998428
5.90295 	0.998965
5.90795 	0.999758
5.91296 	1.00055
5.91796 	1.00134
5.92296 	1.00214
5.92796 	1.00293
5.93297 	1.00372
5.93797 	1.00452
5.94297 	1.00531
5.94797 	1.0061
5.95298 	1.00663
5.95798 	1.00697
5.96298 	1.00732
5.96798 	1.00766
5.97299 	1.008
5.97799 	1.00835
5.98299 	1.00869
5.98799 	1.00904
5.993 	1.00938
5.998 	1.00972
6.003 	1.00907
6.008 	1.00774
6.01301 	1.00641
6.01801 	1.00509
6.02301 	1.00376
6.02801 	1.00244
6.03302 	1.00111
6.03802 	0.999788
6.04302 	0.998463
6.04802 	0.997138
6.05303 	0.995263
6.05803 	0.99303
6.06303 	0.990796
6.06803 	0.988563
6.07304 	0.986329
6.07804 	0.984096
6.08304 	0.981862
6.08804 	0.979629
6.09305 	0.977396
6.09805 	0.975162
6.10305 	0.97413
6.10805 	0.973867
6.11306 	0.973603
6.11806 	0.973339
6.12306 	0.973076
6.12806 	0.972812
6.13307 	0.972549
6.13807 	0.972285
6.14307 	0.972021
6.14807 	0.971758
6.15308 	0.974107
6.15808 	0.978091
6.16308 	0.982075
6.16808 	0.986059
6.17309 	0.990044
6.17809 	0.994028
6.18309 	0.998012
6.18809 	1.002
6.1931 	1.00598
6.1981 	1.00996
6.2031 	1.01559
6.2081 	1.02222
6.21311 	1.02885
6.21811 	1.03548
6.22311 	1.04211
6.22811 	1.04873
6.23312 	1.05536
6.23812 	1.06199
6.24312 	1.06862
6.24812 	1.07525
6.25313 	1.07998
6.25813 	1.08357
6.26313 	1.08716
6.26813 	1.09075
6.27314 	1.09434
6.27814 	1.09792
6.28314 	1.10151
6.28814 	1.1051
6.29315 	1.10869
6.29815 	1.11228
6.30315 	1.1104
6.30815 	1.10532
6.31316 	1.10023
6.31816 	1.09514
6.32316 	1.09006
6.32816 	1.08497
6.33317 	1.07988
6.33817 	1.07479
6.34317 	1.06971
6.34817 	1.06462
6.35318 	1.05266
6.35818 	1.03674
6.36318 	1.02083
6.36818 	1.00492
6.37319 	0.989002
6.37819 	0.973088
6.38319 	0.957174
6.38819 	0.941261
6.3932 	0.925347
6.3982 	0.909433
6.4032 	0.888418
6.4082 	0.864532
6.41321 	0.840647
6.41821 	0.816761
6.42321 	0.792876
6.42821 	0.768991
6.43322 	0.745105
6.43822 	0.72122
6.44322 	0.697335
6.44822 	0.673449
6.45323 	0.648659
6.45823 	0.623372
6.46323 	0.598084
6.46823 	0.572796
6.47324 	0.547509
6.47824 	0.522221
6.48324 	0.496934
6.48824 	0.471646
6.49325 	0.446358
6.49825 	0.421071
6.50325 	0.398827
6.50825 	0.378222
6.51326 	0.357617
6.51826 	0.337012
6.52326 	0.316407
6.52826 	0.295802
6.53327 	0.275197
6.53827 	0.254592
6.54327 	0.233987
6.54827 	0.213382
6.55328 	0.197721
6.55828 	0.184665
6.56328 	0.171609
6.56828 	0.158553
6.57329 	0.145497
6.57829 	0.132441
6.58329 	0.119385
6.58829 	0.106329
6.5933 	0.0932729
6.5983 	0.0802168
6.6033 	0.0718276
6.6083 	0.0658425
6.61331 	0.0598573
6.61831 	0.0538722
6.62331 	0.0478871
6.62831 	0.041902
6.63332 	0.0359168
6.63832 	0.0299317
6.64332 	0.0239466
6.64832 	0.0179614
6.65333 	0.0149415
6.65833 	0.0134152
6.66333 	0.011889
6.66833 	0.0103627
6.67334 	0.00883649
6.67834 	0.00731025
6.68334 	0.005784
6.68834 	0.00425776
6.69335 	0.00273151
6.69835 	0.00120526
6.70335 	0.000654572
6.70835 	0.000584377
6.71336 	0.000514182
6.71836 	0.000443986
6.72336 	0.000373791
6.72836 	0.000303595
6.73337 	0.0002334
6.73837 	0.000163204
6.74337 	9.30089e-05
6.74837 	2.28135e-05
6.75338 	3.51691e-18
6.75838 	3.38215e-18
6.76338 	3.24739e-18
6.76838 	3.11264e-18
6.77339 	2.97788e-18
6.77839 	2.84312e-18
6.78339 	2.70837e-18
6.78839 	2.57361e-18
6.7934 	2.43885e-18
6.7984 	2.3041e-18
6.8034 	2.25312e-18
6.8084 	2.24156e-18
6.81341 	2.23001e-18
6.81841 	2.21845e-18
6.82341 	2.2069e-18
6.82841 	2.19534e-18
6.83342 	2.18379e-18
6.83842 	2.17223e-18
6.84342 	2.16068e-18
6.84842 	2.14912e-18
6.85343 	2.13259e-18
6.85843 	2.11376e-18
6.86343 	2.09493e-18
6.86843 	2.0761e-18
6.87344 	2.05727e-18
6.87844 	2.03844e-18
6.88344 	2.01961e-18
6.88844 	2.00078e-18
6.89345 	1.98195e-18
6.89845 	1.96312e-18
6.90345 	1.94046e-18
6.90845 	1.91606e-18
6.91346 	1.89167e-18
6.91846 	1.86728e-18
6.92346 	1.84289e-18
6.92846 	1.8185e-18
6.93347 	1.79411e-18
6.93847 	1.76972e-18
6.94347 	1.74533e-18
6.94847 	1.72093e-18
6.95348 	1.69433e-18
6.95848 	1.66676e-18
6.96348 	1.63918e-18
6.96848 	1.61161e-18
6.97349 	1.58404e-18
6.97849 	1.55646e-18
6.98349 	1.52889e-18
6.98849 	1.50132e-18
6.9935 	1.47374e-18
6.9985 	1.44617e-18
7.0035 	1.4182e-18
7.0085 	1.39007e-18
7.01351 	1.36193e-18
7.01851 	1.3338e-18
7.02351 	1.30566e-18
7.02851 	1.27753e-18
7.03352 	1.24939e-18
7.03852 	1.22126e-18
7.04352 	1.19312e-18
7.04852 	1.16499e-18
7.05353 	1.13808e-18
7.05853 	1.11169e-18
7.06353 	1.0853e-18
7.06853 	1.05891e-18
7.07354 	1.03251e-18
7.07854 	1.00612e-18
7.08354 	9.79728e-19
7.08854 	9.53336e-19
7.09355 	9.26943e-19
7.09855 	9.00551e-19
7.10355 	8.7653e-19
7.10855 	8.53477e-19
7.11356 	8.30425e-19
7.11856 	8.07372e-19
7.12356 	7.84319e-19
7.12856 	7.61267e-19
7.13357 	7.38214e-19
7.13857 	7.15162e-19
7.14357 	6.92109e-19
7.14857 	6.69056e-19
7.15358 	6.48952e-19
7.15858 	6.30024e-19
7.16358 	6.11095e-19
7.16858 	5.92167e-19
7.17359 	5.73238e-19
7.17859 	5.54309e-19
7.18359 	5.35381e-19
7.18859 	5.16452e-19
7.1936 	4.97523e-19
7.1986 	4.78595e-19
7.2036 	4.62696e-19
7.2086 	4.47976e-19
7.21361 	4.33257e-19
7.21861 	4.18537e-19
7.22361 	4.03817e-19
7.22861 	3.89097e-19
7.23362 	3.74377e-19
7.23862 	3.59657e-19
7.24362 	3.44938e-19
7.24862 	3.30218e-19
7.25363 	3.18264e-19
7.25863 	3.0736e-19
7.26363 	2.96457e-19
7.26863 	2.85553e-19
7.27364 	2.74649e-19
7.27864 	2.63745e-19
7.28364 	2.52841e-19
7.28864 	2.41937e-19
7.29365 	2.31033e-19
7.29865 	2.20129e-19
7.30365 	2.11543e-19
7.30865 	2.03814e-19
7.31366 	1.96085e-19
7.31866 	1.88356e-19
7.32366 	1.80627e-19
7.32866 	1.72899e-19
7.33367 	1.6517e-19
7.33867 	1.57441e-19
7.34367 	1.49712e-19
7.34867 	1.41983e-19
7.35368 	1.36068e-19
7.35868 	1.30808e-19
7.36368 	1.25547e-19
7.36868 	1.20287e-19
7.37369 	1.15026e-19
7.37869 	1.09766e-19
7.38369 	1.04505e-19
7.38869 	9.92444e-20
7.3937 	9.39839e-20
7.3987 	8.87233e-20
7.4037 	8.48042e-20
7.4087 	8.13564e-20
7.41371 	7.79087e-20
7.41871 	7.44609e-20
7.42371 	7.10131e-20
7.42871 	6.75653e-20
7.43372 	6.41176e-20
7.43872 	6.06698e-20
7.44372 	5.7222e-20
7.44872 	5.37743e-20
7.45373 	5.12704e-20
7.45873 	4.90897e-20
7.46373 	4.69089e-20
7.46873 	4.47282e-20
7.47374 	4.25475e-20
7.47874 	4.03667e-20
7.48374 	3.8186e-20
7.48874 	3.60052e-20
7.49375 	3.38245e-20
7.49875 	3.16437e-20
7.50375 	3.00984e-20
7.50875 	2.87647e-20
7.51376 	2.74311e-20
7.51876 	2.60975e-20
7.52376 	2.47639e-20
7.52876 	2.34303e-20
7.53377 	2.20967e-20
7.53877 	2.07631e-20
7.54377 	1.94295e-20
7.54877 	1.80959e-20
7.55378 	1.71729e-20
7.55878 	1.63831e-20
7.56378 	1.55934e-20
7.56878 	1.48036e-20
7.57379 	1.40139e-20
7.57879 	1.32241e-20
7.58379 	1.24344e-20
7.58879 	1.16446e-20
7.5938 	1.08549e-20
7.5988 	1.00651e-20
7.6038 	9.5309e-21
7.6088 	9.0774e-21
7.61381 	8.6239e-21
7.61881 	8.17041e-21
7.62381 	7.71691e-21
7.62881 	7.26341e-21
7.63382 	6.80991e-21
7.63882 	6.35641e-21
7.64382 	5.90292e-21
7.64882 	5.44942e-21
7.65383 	5.14944e-21
7.65883 	4.89663e-21
7.66383 	4.64381e-21
7.66883 	4.39099e-21
7.67384 	4.13817e-21
7.67884 	3.88536e-21
7.68384 	3.63254e-21
7.68884 	3.37972e-21
7.69385 	3.12691e-21
7.69885 	2.87409e-21
7.70385 	2.71047e-21
7.70885 	2.57349e-21
7.71386 	2.43651e-21
7.71886 	2.29953e-21
7.72386 	2.16256e-21
7.72886 	2.02558e-21
7.73387 	1.8886e-21
7.73887 	1.75162e-21
7.74387 	1.61464e-21
7.74887 	1.47767e-21
7.75388 	1.39089e-21
7.75888 	1.31869e-21
7.76388 	1.24649e-21
7.76888 	1.17429e-21
7.77389 	1.10209e-21
7.77889 	1.02989e-21
7.78389 	9.57686e-22
7.78889 	8.85485e-22
7.7939 	8.13285e-22
7.7989 	7.41084e-22
7.8039 	6.96296e-22
7.8089 	6.59239e-22
7.81391 	6.22183e-22
7.81891 	5.85126e-22
7.82391 	5.48069e-22
7.82891 	5.11013e-22
7.83392 	4.73956e-22
7.83892 	4.36899e-22
7.84392 	3.99843e-22
7.84892 	3.62786e-22
7.85393 	3.40269e-22
7.85893 	3.21734e-22
7.86393 	3.03199e-22
7.86893 	2.84664e-22
7.87394 	2.66129e-22
7.87894 	2.47594e-22
7.88394 	2.29059e-22
7.88894 	2.10524e-22
7.89395 	1.91989e-22
7.89895 	1.73455e-22
7.90395 	1.62419e-22
7.90895 	1.53378e-22
7.91396 	1.44336e-22
7.91896 	1.35294e-22
7.92396 	1.26252e-22
7.92896 	1.17211e-22
7.93397 	1.08169e-22
7.93897 	9.91274e-23
7.94397 	9.00857e-23
7.94897 	8.1044e-23
7.95398 	7.57681e-23
7.95898 	7.14632e-23
7.96398 	6.71584e-23
7.96898 	6.28536e-23
7.97399 	5.85487e-23
7.97899 	5.42439e-23
7.98399 	4.99391e-23
7.98899 	4.56342e-23
7.994 	4.13294e-23
7.999 	3.70246e-23
8.004 	3.45622e-23
8.009 	3.25605e-23
8.01401 	3.05588e-23
8.01901 	2.85571e-23
8.02401 	2.65554e-23
8.02901 	2.45537e-23
8.03402 	2.2552e-23
8.03902 	2.05503e-23
8.04402 	1.85486e-23
8.04902 	1.65469e-23
8.05403 	1.54243e-23
8.05903 	1.45147e-23
8.06403 	1.36051e-23
8.06903 	1.26955e-23
8.07404 	1.17859e-23
8.07904 	1.08763e-23
8.08404 	9.96668e-24
8.08904 	9.05708e-24
8.09405 	8.14747e-24
8.09905 	7.23787e-24
8.10405 	6.73766e-24
8.10905 	6.33349e-24
8.11406 	5.92931e-24
8.11906 	5.52514e-24
8.12406 	5.12097e-24
8.12906 	4.71679e-24
8.13407 	4.31262e-24
8.13907 	3.90844e-24
8.14407 	3.50427e-24
8.14907 	3.10009e-24
8.15408 	2.88212e-24
8.15908 	2.70642e-24
8.16408 	2.53071e-24
8.16908 	2.355e-24
8.17409 	2.1793e-24
8.17909 	2.00359e-24
8.18409 	1.82789e-24
8.18909 	1.65218e-24
8.1941 	1.47647e-24
8.1991 	1.30077e-24
8.2041 	1.20783e-24
8.2091 	1.13306e-24
8.21411 	1.05829e-24
8.21911 	9.83518e-25
8.22411 	9.08748e-25
8.22911 	8.33977e-25
8.23412 	7.59207e-25
8.23912 	6.84436e-25
8.24412 	6.09666e-25
8.24912 	5.34895e-25
8.25413 	4.96103e-25
8.25913 	4.64942e-25
8.26413 	4.33781e-25
8.26913 	4.0262e-25
8.27414 	3.71458e-25
8.27914 	3.40297e-25
8.28414 	3.09136e-25
8.28914 	2.77975e-25
8.29415 	2.46814e-25
8.29915 	2.15653e-25
8.30415 	1.99795e-25
8.30915 	1.8707e-25
8.31416 	1.74346e-25
8.31916 	1.61622e-25
8.32416 	1.48898e-25
8.32916 	1.36173e-25
8.33417 	1.23449e-25
8.33917 	1.10725e-25
8.34417 	9.80006e-26
8.34917 	8.52763e-26
8.35418 	7.89241e-26
8.35918 	7.3831e-26
8.36418 	6.87379e-26
8.36918 	6.36448e-26
8.37419 	5.85517e-26
8.37919 	5.34586e-26
8.38419 	4.83655e-26
8.38919 	4.32724e-26
8.3942 	3.81793e-26
8.3992 	3.30862e-26
8.4042 	3.0592e-26
8.4092 	2.85929e-26
8.41421 	2.65937e-26
8.41921 	2.45946e-26
8.42421 	2.25955e-26
8.42921 	2.05963e-26
8.43422 	1.85972e-26
8.43922 	1.65981e-26
8.44422 	1.45989e-26
8.44922 	1.25998e-26
8.45423 	1.16395e-26
8.45923 	1.08696e-26
8.46423 	1.00998e-26
8.46923 	9.33003e-27
8.47424 	8.56022e-27
8.47924 	7.79041e-27
8.48424 	7.0206e-27
8.48924 	6.25079e-27
8.49425 	5.48098e-27
8.49925 	4.71117e-27
8.50425 	4.34841e-27
8.50925 	4.05749e-27
8.51426 	3.76658e-27
8.51926 	3.47566e-27
8.52426 	3.18474e-27
8.52926 	2.89382e-27
8.53427 	2.6029e-27
8.53927 	2.31198e-27
8.54427 	2.02106e-27
8.54927 	1.73014e-27
8.55428 	1.59567e-27
8.55928 	1.48774e-27
8.56428 	1.3798e-27
8.56928 	1.27187e-27
8.57429 	1.16393e-27
8.57929 	1.056e-27
8.58429 	9.48062e-28
8.58929 	8.40126e-28
8.5943 	7.3219e-28
8.5993 	6.24255e-28
8.6043 	5.75321e-28
8.6093 	5.35992e-28
8.61431 	4.96663e-28
8.61931 	4.57334e-28
8.62431 	4.18005e-28
8.62931 	3.78676e-28
8.63432 	3.39348e-28
8.63932 	3.00019e-28
8.64432 	2.6069e-28
8.64932 	2.21361e-28
8.65433 	2.03873e-28
8.65933 	1.89795e-28
8.66433 	1.75716e-28
8.66933 	1.61638e-28
8.67434 	1.47559e-28
8.67934 	1.3348e-28
8.68434 	1.19402e-28
8.68934 	1.05323e-28
8.69435 	9.12445e-29
8.69935 	7.71659e-29
8.70435 	7.10268e-29
8.70935 	6.60741e-29
8.71436 	6.11213e-29
8.71936 	5.61686e-29
8.72436 	5.12158e-29
8.72936 	4.62631e-29
8.73437 	4.13103e-29
8.73937 	3.63576e-29
8.74437 	3.14049e-29
8.74937 	2.64521e-29
8.75438 	2.43343e-29
8.75938 	2.26215e-29
8.76438 	2.09087e-29
8.76938 	1.91959e-29
8.77439 	1.74831e-29
8.77939 	1.57704e-29
8.78439 	1.40576e-29
8.78939 	1.23448e-29
8.7944 	1.0632e-29
8.7994 	8.91917e-30
8.8044 	8.20107e-30
8.8094 	7.61861e-30
8.81441 	7.03615e-30
8.81941 	6.45369e-30
8.82441 	5.87123e-30
8.82941 	5.28877e-30
8.83442 	4.7063e-30
8.83942 	4.12384e-30
8.84442 	3.54138e-30
8.84942 	2.95892e-30
8.85443 	2.71952e-30
8.85943 	2.52469e-30
8.86443 	2.32986e-30
8.86943 	2.13503e-30
8.87444 	1.9402e-30
8.87944 	1.74537e-30
8.88444 	1.55054e-30
8.88944 	1.35571e-30
8.89445 	1.16088e-30
8.89945 	9.6605e-31
8.90445 	8.87553e-31
8.90945 	8.23433e-31
8.91446 	7.59314e-31
8.91946 	6.95194e-31
8.92446 	6.31075e-31
8.92946 	5.66956e-31
8.93447 	5.02836e-31
8.93947 	4.38717e-31
8.94447 	3.74598e-31
8.94947 	3.10478e-31
8.95448 	2.85159e-31
8.95948 	2.64391e-31
8.96448 	2.43624e-31
8.96948 	2.22856e-31
8.97449 	2.02088e-31
8.97949 	1.81321e-31
8.98449 	1.60553e-31
8.98949 	1.39786e-31
8.9945 	1.19018e-31
8.9995 	9.82503e-32
9.0045 	9.02142e-32
9.0095 	8.35926e-32
9.01451 	7.69711e-32
9.01951 	7.03495e-32
9.02451 	6.3728e-32
9.02951 	5.71065e-32
9.03452 	5.04849e-32
9.03952 	4.38634e-32
9.04452 	3.72419e-32
9.04952 	3.06203e-32
9.05453 	2.81099e-32
9.05953 	2.60311e-32
9.06453 	2.39523e-32
9.06953 	2.18735e-32
9.07454 	1.97947e-32
9.07954 	1.77159e-32
9.08454 	1.56371e-32
9.08954 	1.35583e-32
9.09455 	1.14795e-32
9.09955 	9.40065e-33
9.10455 	8.62863e-33
9.10955 	7.98586e-33
9.11456 	7.34308e-33
9.11956 	6.7003e-33
9.12456 	6.05753e-33
9.12956 	5.41475e-33
9.13457 	4.77197e-33
9.13957 	4.1292e-33
9.14457 	3.48642e-33
9.14957 	2.84364e-33
9.15458 	2.60986e-33
9.15958 	2.41406e-33
9.16458 	2.21827e-33
9.16958 	2.02248e-33
9.17459 	1.82669e-33
9.17959 	1.63089e-33
9.18459 	1.4351e-33
9.18959 	1.23931e-33
9.1946 	1.04352e-33
9.1996 	8.47725e-34
9.2046 	7.77997e-34
9.2096 	7.19232e-34
9.21461 	6.60466e-34
9.21961 	6.01701e-34
9.22461 	5.42936e-34
9.22961 	4.8417e-34
9.23462 	4.25405e-34
9.23962 	3.66639e-34
9.24462 	3.07874e-34
9.24962 	2.49108e-34
9.25463 	2.28621e-34
9.25963 	2.11238e-34
9.26463 	1.93855e-34
9.26963 	1.76471e-34
9.27464 	1.59088e-34
9.27964 	1.41705e-34
9.28464 	1.24321e-34
9.28964 	1.06938e-34
9.29465 	8.95546e-35
9.29965 	7.21712e-35
9.30465 	6.62402e-35
9.30965 	6.11712e-35
9.31466 	5.61022e-35
9.31966 	5.10331e-35
9.32466 	4.59641e-35
9.32966 	4.08951e-35
9.33467 	3.58261e-35
9.33967 	3.07571e-35
9.34467 	2.5688e-35
9.34967 	2.0619e-35
9.35468 	1.89269e-35
9.35968 	1.74694e-35
9.36468 	1.6012e-35
9.36968 	1.45546e-35
9.37469 	1.30972e-35
9.37969 	1.16398e-35
9.38469 	1.01824e-35
9.38969 	8.72494e-36
9.3947 	7.26753e-36
9.3997 	5.81011e-36
9.4047 	5.33422e-36
9.4097 	4.92099e-36
9.41471 	4.50775e-36
9.41971 	4.09451e-36
9.42471 	3.68127e-36
9.42971 	3.26803e-36
9.43472 	2.8548e-36
9.43972 	2.44156e-36
9.44472 	2.02832e-36
9.44972 	1.61508e-36
9.45473 	1.48314e-36
9.45973 	1.36756e-36
9.46473 	1.25199e-36
9.46973 	1.13642e-36
9.47474 	1.02084e-36
9.47974 	9.05269e-37
9.48474 	7.89696e-37
9.48974 	6.74122e-37
9.49475 	5.58548e-37
9.49975 	4.42975e-37
9.50475 	4.06901e-37
9.50975 	3.75012e-37
9.51476 	3.43123e-37
9.51976 	3.11234e-37
9.52476 	2.79344e-37
9.52976 	2.47455e-37
9.53477 	2.15566e-37
9.53977 	1.83677e-37
9.54477 	1.51788e-37
9.54977 	1.19898e-37
9.55478 	1.10172e-37
9.55978 	1.0149e-37
9.56478 	9.28073e-38
9.56978 	8.4125e-38
9.57479 	7.54427e-38
9.57979 	6.67604e-38
9.58479 	5.80782e-38
9.58979 	4.93959e-38
9.5948 	4.07136e-38
9.5998 	3.20313e-38
9.6048 	2.94444e-38
9.6098 	2.71114e-38
9.61481 	2.47784e-38
9.61981 	2.24455e-38
9.62481 	2.01125e-38
9.62981 	1.77795e-38
9.63482 	1.54466e-38
9.63982 	1.31136e-38
9.64482 	1.07806e-38
9.64982 	8.44765e-39
9.65483 	7.76886e-39
9.65983 	7.15007e-39
9.66483 	6.53128e-39
9.66983 	5.91248e-39
9.67484 	5.29369e-39
9.67984 	4.6749e-39
9.68484 	4.0561e-39
9.68984 	3.43731e-39
9.69485 	2.81852e-39
9.69985 	2.19973e-39
9.70485 	2.02399e-39
9.70985 	1.86195e-39
9.71486 	1.69991e-39
9.71986 	1.53787e-39
9.72486 	1.37583e-39
9.72986 	1.2138e-39
9.73487 	1.05176e-39
9.73987 	8.8972e-40
9.74487 	7.27682e-40
9.74987 	5.65644e-40
9.75488 	5.20742e-40
9.75988 	4.78844e-40
9.76488 	4.36946e-40
9.76988 	3.95047e-40
9.77489 	3.53149e-40
9.77989 	3.11251e-40
9.78489 	2.69352e-40
9.78989 	2.27454e-40
9.7949 	1.85556e-40
9.7999 	1.43657e-40
9.8049 	1.32334e-40
9.8099 	1.21635e-40
9.81491 	1.10935e-40
9.81991 	1.00236e-40
9.82491 	8.95368e-41
9.82991 	7.88375e-41
9.83492 	6.81382e-41
9.83992 	5.74389e-41
9.84492 	4.67396e-41
9.84992 	3.60403e-41
9.85493 	3.32216e-41
9.85993 	3.05228e-41
9.86493 	2.78241e-41
9.86993 	2.51253e-41
9.87494 	2.24266e-41
9.87994 	1.97279e-41
9.88494 	1.70291e-41
9.88994 	1.43304e-41
9.89495 	1.16316e-41
9.89995 	8.93288e-42
9.90495 	8.24013e-42
9.90995 	7.56764e-42
9.91496 	6.89516e-42
9.91996 	6.22267e-42
9.92496 	5.55019e-42
9.92996 	4.8777e-42
9.93497 	4.20521e-42
9.93997 	3.53273e-42
9.94497 	2.86024e-42
9.94997 	2.18776e-42
9.95498 	2.05195e-42
9.95998 	1.91884e-42
9.96498 	1.78573e-42
9.96998 	1.65262e-42
9.97499 	1.51951e-42
9.97999 	1.3864e-42
9.98499 	1.25329e-42
9.98999 	1.12017e-42
9.995 	9.87064e-43
10 	8.53953e-43
