0 	1.05194e-41
0.0050025 	7.19743e-42
0.010005 	3.87548e-42
0.0150075 	5.53522e-43
0.02001 	-2.76843e-42
0.0250125 	-6.09039e-42
0.030015 	-9.41234e-42
0.0350175 	-1.27343e-41
0.04002 	-1.60563e-41
0.0450225 	-1.93782e-41
0.050025 	-2.26086e-41
0.0550275 	-7.62202e-42
0.06003 	7.36459e-42
0.0650325 	2.23512e-41
0.070035 	3.73378e-41
0.0750375 	5.23244e-41
0.08004 	6.7311e-41
0.0850425 	8.22976e-41
0.090045 	9.72842e-41
0.0950475 	1.12271e-40
0.10005 	1.2628e-40
0.105053 	4.35302e-41
0.110055 	-3.92196e-41
0.115058 	-1.21969e-40
0.12006 	-2.04719e-40
0.125063 	-2.87469e-40
0.130065 	-3.70219e-40
0.135068 	-4.52969e-40
0.14007 	-5.35719e-40
0.145073 	-6.18468e-40
0.150075 	-6.93189e-40
0.155078 	-2.40629e-40
0.16008 	2.1193e-40
0.165083 	6.64489e-40
0.170085 	1.11705e-39
0.175088 	1.56961e-39
0.18009 	2.02217e-39
0.185093 	2.47473e-39
0.190095 	2.92729e-39
0.195098 	3.37984e-39
0.2001 	3.77424e-39
0.205103 	1.31874e-39
0.210105 	-1.13677e-39
0.215108 	-3.59228e-39
0.22011 	-6.04779e-39
0.225113 	-8.50329e-39
0.230115 	-1.09588e-38
0.235118 	-1.34143e-38
0.24012 	-1.58698e-38
0.245123 	-1.83253e-38
0.250125 	-2.0389e-38
0.255128 	-7.17179e-39
0.26013 	6.04543e-39
0.265133 	1.92626e-38
0.270135 	3.24799e-38
0.275138 	4.56971e-38
0.28014 	5.89143e-38
0.285143 	7.21315e-38
0.290145 	8.53487e-38
0.295148 	9.85659e-38
0.30015 	1.0927e-37
0.305153 	3.8699e-38
0.310155 	-3.18716e-38
0.315158 	-1.02442e-37
0.32016 	-1.73013e-37
0.325163 	-2.43583e-37
0.330165 	-3.14154e-37
0.335168 	-3.84724e-37
0.34017 	-4.55295e-37
0.345173 	-5.25866e-37
0.350175 	-5.80886e-37
0.355178 	-2.07169e-37
0.36018 	1.66548e-37
0.365183 	5.40265e-37
0.370185 	9.13983e-37
0.375188 	1.2877e-36
0.38019 	1.66142e-36
0.385193 	2.03513e-36
0.390195 	2.40885e-36
0.395198 	2.78257e-36
0.4002 	3.06283e-36
0.405203 	1.10016e-36
0.410205 	-8.62517e-37
0.415208 	-2.82519e-36
0.42021 	-4.78786e-36
0.425213 	-6.75054e-36
0.430215 	-8.71321e-36
0.435218 	-1.06759e-35
0.44022 	-1.26386e-35
0.445223 	-1.46012e-35
0.450225 	-1.60156e-35
0.455228 	-5.7948e-36
0.46023 	4.42604e-36
0.465233 	1.46469e-35
0.470235 	2.48677e-35
0.475238 	3.50886e-35
0.48024 	4.53094e-35
0.485243 	5.55303e-35
0.490245 	6.57511e-35
0.495248 	7.5972e-35
0.50025 	8.30432e-35
0.505253 	3.02708e-35
0.510255 	-2.25015e-35
0.515258 	-7.52738e-35
0.52026 	-1.28046e-34
0.525263 	-1.80818e-34
0.530265 	-2.33591e-34
0.535268 	-2.86363e-34
0.54027 	-3.39135e-34
0.545273 	-3.91908e-34
0.550275 	-4.26921e-34
0.555278 	-1.56804e-34
0.56028 	1.13312e-34
0.565283 	3.83429e-34
0.570285 	6.53546e-34
0.575288 	9.23662e-34
0.58029 	1.19378e-33
0.585293 	1.4639e-33
0.590295 	1.73401e-33
0.595298 	2.00413e-33
0.6003 	2.17581e-33
0.605303 	8.05352e-34
0.610305 	-5.65107e-34
0.615308 	-1.93557e-33
0.62031 	-3.30603e-33
0.625313 	-4.67648e-33
0.630315 	-6.04694e-33
0.635318 	-7.4174e-33
0.64032 	-8.78786e-33
0.645323 	-1.01583e-32
0.650325 	-1.09918e-32
0.655328 	-4.10062e-33
0.66033 	2.79054e-33
0.665333 	9.68169e-33
0.670335 	1.65728e-32
0.675338 	2.3464e-32
0.68034 	3.03552e-32
0.685343 	3.72463e-32
0.690345 	4.41375e-32
0.695348 	5.10286e-32
0.70035 	5.50338e-32
0.705353 	2.06962e-32
0.710355 	-1.36414e-32
0.715358 	-4.79789e-32
0.72036 	-8.23165e-32
0.725363 	-1.16654e-31
0.730365 	-1.50992e-31
0.735368 	-1.85329e-31
0.74037 	-2.19667e-31
0.745373 	-2.54004e-31
0.750375 	-2.73052e-31
0.755378 	-1.03526e-31
0.76038 	6.60003e-32
0.765383 	2.35527e-31
0.770385 	4.05053e-31
0.775388 	5.74579e-31
0.78039 	7.44105e-31
0.785393 	9.13632e-31
0.790395 	1.08316e-30
0.795398 	1.25268e-30
0.8004 	1.34232e-30
0.805403 	5.13172e-31
0.810405 	-3.15973e-31
0.815408 	-1.14512e-30
0.82041 	-1.97426e-30
0.825413 	-2.80341e-30
0.830415 	-3.63255e-30
0.835418 	-4.4617e-30
0.84042 	-5.29084e-30
0.845423 	-6.11999e-30
0.850425 	-6.53722e-30
0.855428 	-2.52039e-30
0.86043 	1.49645e-30
0.865433 	5.51329e-30
0.870435 	9.53013e-30
0.875438 	1.3547e-29
0.88044 	1.75638e-29
0.885443 	2.15806e-29
0.890445 	2.55975e-29
0.895448 	2.96143e-29
0.90045 	3.15351e-29
0.905453 	1.2263e-29
0.910455 	-7.00922e-30
0.915458 	-2.62814e-29
0.92046 	-4.55536e-29
0.925463 	-6.48258e-29
0.930465 	-8.40979e-29
0.935468 	-1.0337e-28
0.94047 	-1.22642e-28
0.945473 	-1.41914e-28
0.950475 	-1.50658e-28
0.955478 	-5.9099e-29
0.96048 	3.24598e-29
0.965483 	1.24019e-28
0.970485 	2.15577e-28
0.975488 	3.07136e-28
0.98049 	3.98695e-28
0.985493 	4.90254e-28
0.990495 	5.81812e-28
0.995498 	6.73371e-28
1.0005 	7.1271e-28
1.0055 	2.82065e-28
1.01051 	-1.4858e-28
1.01551 	-5.79225e-28
1.02051 	-1.00987e-27
1.02551 	-1.44051e-27
1.03052 	-1.87116e-27
1.03552 	-2.3018e-27
1.04052 	-2.73245e-27
1.04552 	-3.16309e-27
1.05053 	-3.338e-27
1.05553 	-1.333e-27
1.06053 	6.71997e-28
1.06553 	2.67699e-27
1.07054 	4.68199e-27
1.07554 	6.68698e-27
1.08054 	8.69198e-27
1.08554 	1.0697e-26
1.09055 	1.2702e-26
1.09555 	1.4707e-26
1.10055 	1.54752e-26
1.10555 	6.23658e-27
1.11056 	-3.002e-27
1.11556 	-1.22406e-26
1.12056 	-2.14792e-26
1.12556 	-3.07178e-26
1.13057 	-3.99563e-26
1.13557 	-4.91949e-26
1.14057 	-5.84335e-26
1.14557 	-6.76721e-26
1.15058 	-7.10042e-26
1.15558 	-2.88816e-26
1.16058 	1.3241e-26
1.16558 	5.53636e-26
1.17059 	9.74861e-26
1.17559 	1.39609e-25
1.18059 	1.81731e-25
1.18559 	2.23854e-25
1.1906 	2.65976e-25
1.1956 	3.08099e-25
1.2006 	3.22367e-25
1.2056 	1.32364e-25
1.21061 	-5.76376e-26
1.21561 	-2.4764e-25
1.22061 	-4.37642e-25
1.22561 	-6.27644e-25
1.23062 	-8.17646e-25
1.23562 	-1.00765e-24
1.24062 	-1.19765e-24
1.24562 	-1.38765e-24
1.25063 	-1.44794e-24
1.25563 	-6.00225e-25
1.26063 	2.4749e-25
1.26563 	1.09521e-24
1.27064 	1.94292e-24
1.27564 	2.79064e-24
1.28064 	3.63835e-24
1.28564 	4.48607e-24
1.29065 	5.33378e-24
1.29565 	6.1815e-24
1.30065 	6.43278e-24
1.30565 	2.69253e-24
1.31066 	-1.04771e-24
1.31566 	-4.78795e-24
1.32066 	-8.5282e-24
1.32566 	-1.22684e-23
1.33067 	-1.60087e-23
1.33567 	-1.97489e-23
1.34067 	-2.34892e-23
1.34567 	-2.72294e-23
1.35068 	-2.82621e-23
1.35568 	-1.1946e-23
1.36068 	4.37006e-24
1.36568 	2.06861e-23
1.37069 	3.70022e-23
1.37569 	5.33182e-23
1.38069 	6.96343e-23
1.38569 	8.59504e-23
1.3907 	1.02266e-22
1.3957 	1.18582e-22
1.4007 	1.22764e-22
1.4057 	5.24087e-23
1.41071 	-1.7947e-23
1.41571 	-8.83028e-23
1.42071 	-1.58659e-22
1.42571 	-2.29014e-22
1.43072 	-2.9937e-22
1.43572 	-3.69726e-22
1.44072 	-4.40082e-22
1.44572 	-5.10437e-22
1.45073 	-5.27118e-22
1.45573 	-2.27304e-22
1.46073 	7.25105e-23
1.46573 	3.72325e-22
1.47074 	6.72139e-22
1.47574 	9.71954e-22
1.48074 	1.27177e-21
1.48574 	1.57158e-21
1.49075 	1.8714e-21
1.49575 	2.17121e-21
1.50075 	2.23671e-21
1.50575 	9.74386e-22
1.51076 	-2.87935e-22
1.51576 	-1.55026e-21
1.52076 	-2.81258e-21
1.52576 	-4.0749e-21
1.53077 	-5.33722e-21
1.53577 	-6.59954e-21
1.54077 	-7.86186e-21
1.54577 	-9.12418e-21
1.55078 	-9.37712e-21
1.55578 	-4.12733e-21
1.56078 	1.12246e-21
1.56578 	6.37225e-21
1.57079 	1.1622e-20
1.57579 	1.68718e-20
1.58079 	2.21216e-20
1.58579 	2.73714e-20
1.5908 	3.26212e-20
1.5958 	3.7871e-20
1.6008 	3.88311e-20
1.6058 	1.72708e-20
1.61081 	-4.28956e-21
1.61581 	-2.58499e-20
1.62081 	-4.74103e-20
1.62581 	-6.89706e-20
1.63082 	-9.0531e-20
1.63582 	-1.12091e-19
1.64082 	-1.33652e-19
1.64582 	-1.55212e-19
1.65083 	-1.58791e-19
1.65583 	-7.13747e-20
1.66083 	1.60417e-20
1.66583 	1.03458e-19
1.67084 	1.90875e-19
1.67584 	2.78291e-19
1.68084 	3.65708e-19
1.68584 	4.53124e-19
1.69085 	5.40541e-19
1.69585 	6.27957e-19
1.70085 	6.41045e-19
1.70585 	2.91237e-19
1.71086 	-5.85718e-20
1.71586 	-4.0838e-19
1.72086 	-7.58189e-19
1.72586 	-1.108e-18
1.73087 	-1.45781e-18
1.73587 	-1.80761e-18
1.74087 	-2.15742e-18
1.74587 	-2.50723e-18
1.75088 	-2.55412e-18
1.75588 	-1.17298e-18
1.76088 	2.08158e-19
1.76588 	1.5893e-18
1.77089 	2.97044e-18
1.77589 	4.35158e-18
1.78089 	5.73272e-18
1.78589 	7.11386e-18
1.7909 	8.495e-18
1.7959 	9.87614e-18
1.8009 	1.00405e-17
1.8059 	4.66177e-18
1.81091 	-7.16974e-19
1.81591 	-6.09571e-18
1.82091 	-1.14745e-17
1.82591 	-1.68532e-17
1.83092 	-2.22319e-17
1.83592 	-2.76107e-17
1.84092 	-3.29894e-17
1.84592 	-3.83682e-17
1.85093 	-3.89307e-17
1.85593 	-1.82762e-17
1.86093 	2.37843e-18
1.86593 	2.3033e-17
1.87094 	4.36876e-17
1.87594 	6.43422e-17
1.88094 	8.49967e-17
1.88594 	1.05651e-16
1.89095 	1.26306e-16
1.89595 	1.4696e-16
1.90095 	1.48836e-16
1.90595 	7.06563e-17
1.91096 	-7.52385e-18
1.91596 	-8.5704e-17
1.92096 	-1.63884e-16
1.92596 	-2.42064e-16
1.93097 	-3.20244e-16
1.93597 	-3.98425e-16
1.94097 	-4.76605e-16
1.94597 	-5.54785e-16
1.95098 	-5.60861e-16
1.95598 	-2.69276e-16
1.96098 	2.23085e-17
1.96598 	3.13893e-16
1.97099 	6.05478e-16
1.97599 	8.97063e-16
1.98099 	1.18865e-15
1.98599 	1.48023e-15
1.991 	1.77182e-15
1.996 	2.0634e-15
2.001 	2.08244e-15
2.006 	1.01127e-15
2.01101 	-5.98949e-17
2.01601 	-1.13106e-15
2.02101 	-2.20223e-15
2.02601 	-3.27339e-15
2.03102 	-4.34456e-15
2.03602 	-5.41572e-15
2.04102 	-6.48689e-15
2.04602 	-7.55805e-15
2.05103 	-7.61539e-15
2.05603 	-3.74104e-15
2.06103 	1.33311e-16
2.06603 	4.00766e-15
2.07104 	7.88201e-15
2.07604 	1.17564e-14
2.08104 	1.56307e-14
2.08604 	1.95051e-14
2.09105 	2.33794e-14
2.09605 	2.72538e-14
2.10105 	2.74183e-14
2.10605 	1.36269e-14
2.11106 	-1.64521e-16
2.11606 	-1.39559e-14
2.12106 	-2.77473e-14
2.12606 	-4.15387e-14
2.13107 	-5.53302e-14
2.13607 	-6.91216e-14
2.14107 	-8.2913e-14
2.14607 	-9.67044e-14
2.15108 	-9.71474e-14
2.15608 	-4.88535e-14
2.16108 	-5.59477e-16
2.16608 	4.77345e-14
2.17109 	9.60285e-14
2.17609 	1.44322e-13
2.18109 	1.92616e-13
2.18609 	2.4091e-13
2.1911 	2.89204e-13
2.1961 	3.37498e-13
2.2011 	3.38585e-13
2.2061 	1.72303e-13
2.21111 	6.01979e-15
2.21611 	-1.60263e-13
2.22111 	-3.26546e-13
2.22611 	-4.92829e-13
2.23112 	-6.59112e-13
2.23612 	-8.25394e-13
2.24112 	-9.91677e-13
2.24612 	-1.15796e-12
2.25113 	-1.16023e-12
2.25613 	-5.97556e-13
2.26113 	-3.48845e-14
2.26613 	5.27787e-13
2.27114 	1.09046e-12
2.27614 	1.65313e-12
2.28114 	2.2158e-12
2.28614 	2.77847e-12
2.29115 	3.34115e-12
2.29615 	3.90382e-12
2.30115 	3.90693e-12
2.30615 	2.03674e-12
2.31116 	1.66551e-13
2.31616 	-1.70364e-12
2.32116 	-3.57383e-12
2.32616 	-5.44402e-12
2.33117 	-7.31421e-12
2.33617 	-9.1844e-12
2.34117 	-1.10546e-11
2.34617 	-1.29248e-11
2.35118 	-1.29214e-11
2.35618 	-6.81913e-12
2.36118 	-7.1682e-13
2.36618 	5.38549e-12
2.37119 	1.14878e-11
2.37619 	1.75901e-11
2.38119 	2.36924e-11
2.38619 	2.97947e-11
2.3912 	3.5897e-11
2.3962 	4.19993e-11
2.4012 	4.19486e-11
2.4062 	2.24134e-11
2.41121 	2.8782e-12
2.41621 	-1.6657e-11
2.42121 	-3.61922e-11
2.42621 	-5.57274e-11
2.43122 	-7.52626e-11
2.43622 	-9.47979e-11
2.44122 	-1.14333e-10
2.44622 	-1.33868e-10
2.45123 	-1.33595e-10
2.45623 	-7.22782e-11
2.46123 	-1.09616e-11
2.46623 	5.0355e-11
2.47124 	1.11672e-10
2.47624 	1.72988e-10
2.48124 	2.34305e-10
2.48624 	2.95621e-10
2.49125 	3.56938e-10
2.49625 	4.18255e-10
2.50125 	4.17099e-10
2.50625 	2.28529e-10
2.51126 	3.9959e-11
2.51626 	-1.48611e-10
2.52126 	-3.37181e-10
2.52626 	-5.25752e-10
2.53127 	-7.14322e-10
2.53627 	-9.02892e-10
2.54127 	-1.09146e-09
2.54627 	-1.28003e-09
2.55128 	-1.27573e-09
2.55628 	-7.07953e-10
2.56128 	-1.40174e-10
2.56628 	4.27606e-10
2.57129 	9.95386e-10
2.57629 	1.56317e-09
2.58129 	2.13095e-09
2.58629 	2.69873e-09
2.5913 	3.26651e-09
2.5963 	3.83429e-09
2.6013 	3.81961e-09
2.6063 	2.14717e-09
2.61131 	4.74735e-10
2.61631 	-1.1977e-09
2.62131 	-2.87014e-09
2.62631 	-4.54258e-09
2.63132 	-6.21501e-09
2.63632 	-7.88745e-09
2.64132 	-9.55989e-09
2.64632 	-1.12323e-08
2.65133 	-1.11856e-08
2.65633 	-6.37048e-09
2.66133 	-1.55539e-09
2.66633 	3.2597e-09
2.67134 	8.07478e-09
2.67634 	1.28899e-08
2.68134 	1.7705e-08
2.68634 	2.252e-08
2.69135 	2.73351e-08
2.69635 	3.21502e-08
2.70135 	3.20102e-08
2.70635 	1.84729e-08
2.71136 	4.93556e-09
2.71636 	-8.60174e-09
2.72136 	-2.2139e-08
2.72636 	-3.56763e-08
2.73137 	-4.92136e-08
2.73637 	-6.27509e-08
2.74137 	-7.62882e-08
2.74637 	-8.98255e-08
2.75138 	-8.94303e-08
2.75638 	-5.23038e-08
2.76138 	-1.51772e-08
2.76638 	2.19493e-08
2.77139 	5.90758e-08
2.77639 	9.62023e-08
2.78139 	1.33329e-07
2.78639 	1.70455e-07
2.7914 	2.07582e-07
2.7964 	2.44708e-07
2.8014 	2.4366e-07
2.8064 	1.44447e-07
2.81141 	4.52343e-08
2.81641 	-5.39785e-08
2.82141 	-1.53191e-07
2.82641 	-2.52404e-07
2.83142 	-3.51617e-07
2.83642 	-4.5083e-07
2.84142 	-5.50042e-07
2.84642 	-6.49255e-07
2.85143 	-6.46659e-07
2.85643 	-3.88648e-07
2.86143 	-1.30637e-07
2.86643 	1.27374e-07
2.87144 	3.85385e-07
2.87644 	6.43396e-07
2.88144 	9.01407e-07
2.88644 	1.15942e-06
2.89145 	1.41743e-06
2.89645 	1.67544e-06
2.90145 	1.66953e-06
2.90645 	1.01746e-06
2.91146 	3.65397e-07
2.91646 	-2.86669e-07
2.92146 	-9.38735e-07
2.92646 	-1.5908e-06
2.93147 	-2.24287e-06
2.93647 	-2.89493e-06
2.94147 	-3.547e-06
2.94647 	-4.19906e-06
2.95148 	-4.18706e-06
2.95648 	-2.58805e-06
2.96148 	-9.8904e-07
2.96648 	6.09972e-07
2.97149 	2.20898e-06
2.97649 	3.808e-06
2.98149 	5.40701e-06
2.98649 	7.00602e-06
2.9915 	8.60503e-06
2.9965 	1.0204e-05
3.0015 	1.01839e-05
3.0065 	6.38593e-06
3.01151 	2.58792e-06
3.01651 	-1.21009e-06
3.02151 	-5.00811e-06
3.02651 	-8.80612e-06
3.03152 	-1.26041e-05
3.03652 	-1.64021e-05
3.04152 	-2.02002e-05
3.04652 	-2.39982e-05
3.05153 	-2.39781e-05
3.05653 	-1.52576e-05
3.06153 	-6.53718e-06
3.06653 	2.18326e-06
3.07154 	1.09037e-05
3.07654 	1.96241e-05
3.08154 	2.83446e-05
3.08654 	3.7065e-05
3.09155 	4.57854e-05
3.09655 	5.45059e-05
3.10155 	5.45367e-05
3.10655 	3.5226e-05
3.11156 	1.59152e-05
3.11656 	-3.39548e-06
3.12156 	-2.27062e-05
3.12656 	-4.20169e-05
3.13157 	-6.13276e-05
3.13657 	-8.06383e-05
3.14157 	-9.99491e-05
3.14657 	-0.00011926
3.15158 	-0.000119531
3.15658 	-7.84001e-05
3.16158 	-3.72689e-05
3.16658 	3.86228e-06
3.17159 	4.49935e-05
3.17659 	8.61247e-05
3.18159 	0.000127256
3.18659 	0.000168387
3.1916 	0.000209518
3.1966 	0.000250649
3.2016 	0.000251739
3.2066 	0.00016774
3.21161 	8.37404e-05
3.21661 	-2.58891e-07
3.22161 	-8.42581e-05
3.22661 	-0.000168257
3.23162 	-0.000252257
3.23662 	-0.000336256
3.24162 	-0.000420255
3.24662 	-0.000504254
3.25163 	-0.000507703
3.25663 	-0.000343856
3.26163 	-0.000180008
3.26663 	-1.61606e-05
3.27164 	0.000147687
3.27664 	0.000311535
3.28164 	0.000475382
3.28664 	0.00063923
3.29165 	0.000803077
3.29665 	0.000966925
3.30165 	0.000976447
3.30665 	0.000672643
3.31166 	0.000368838
3.31666 	6.50334e-05
3.32166 	-0.000238771
3.32666 	-0.000542576
3.33167 	-0.000846381
3.33667 	-0.00115019
3.34167 	-0.00145399
3.34667 	-0.00175779
3.35168 	-0.00178153
3.35668 	-0.00124931
3.36168 	-0.000717097
3.36668 	-0.000184879
3.37169 	0.000347338
3.37669 	0.000879555
3.38169 	0.00141177
3.38669 	0.00194399
3.3917 	0.00247621
3.3967 	0.00300843
3.4017 	0.00306261
3.4067 	0.00218885
3.41171 	0.00131509
3.41671 	0.000441335
3.42171 	-0.000432424
3.42671 	-0.00130618
3.43172 	-0.00217994
3.43672 	-0.0030537
3.44172 	-0.00392746
3.44672 	-0.00480122
3.45173 	-0.00491503
3.45673 	-0.00358605
3.46173 	-0.00225707
3.46673 	-0.000928083
3.47174 	0.000400899
3.47674 	0.00172988
3.48174 	0.00305886
3.48674 	0.00438785
3.49175 	0.00571683
3.49675 	0.00704581
3.50175 	0.00726558
3.50675 	0.00542537
3.51176 	0.00358517
3.51676 	0.00174496
3.52176 	-9.52429e-05
3.52676 	-0.00193545
3.53177 	-0.00377565
3.53677 	-0.00561586
3.54177 	-0.00745606
3.54677 	-0.00929627
3.55178 	-0.00968412
3.55678 	-0.00743318
3.56178 	-0.00518224
3.56678 	-0.00293131
3.57179 	-0.000680369
3.57679 	0.00157057
3.58179 	0.00382151
3.58679 	0.00607244
3.5918 	0.00832338
3.5968 	0.0105743
3.6018 	0.0111926
3.6068 	0.00890824
3.61181 	0.00662392
3.61681 	0.0043396
3.62181 	0.00205528
3.62681 	-0.000229045
3.63182 	-0.00251337
3.63682 	-0.00479769
3.64182 	-0.00708201
3.64682 	-0.00936633
3.65183 	-0.0102373
3.65683 	-0.00864952
3.66183 	-0.00706172
3.66683 	-0.00547392
3.67184 	-0.00388612
3.67684 	-0.00229831
3.68184 	-0.000710513
3.68684 	0.000877289
3.69185 	0.00246509
3.69685 	0.00405289
3.70185 	0.00509154
3.70685 	0.00519514
3.71186 	0.00529874
3.71686 	0.00540234
3.72186 	0.00550594
3.72686 	0.00560954
3.73187 	0.00571314
3.73687 	0.00581674
3.74187 	0.00592034
3.74687 	0.00602394
3.75188 	0.00508385
3.75688 	0.00240426
3.76188 	-0.000275321
3.76688 	-0.00295491
3.77189 	-0.00563449
3.77689 	-0.00831408
3.78189 	-0.0109937
3.78689 	-0.0136732
3.7919 	-0.0163528
3.7969 	-0.0190324
3.8019 	-0.0186562
3.8069 	-0.0132943
3.81191 	-0.0079324
3.81691 	-0.00257048
3.82191 	0.00279144
3.82691 	0.00815335
3.83192 	0.0135153
3.83692 	0.0188772
3.84192 	0.0242391
3.84692 	0.029601
3.85193 	0.0303213
3.85693 	0.023627
3.86193 	0.0169327
3.86693 	0.0102384
3.87194 	0.00354405
3.87694 	-0.00315026
3.88194 	-0.00984456
3.88694 	-0.0165389
3.89195 	-0.0232332
3.89695 	-0.0299275
3.90195 	-0.0320005
3.90695 	-0.0268454
3.91196 	-0.0216903
3.91696 	-0.0165352
3.92196 	-0.0113802
3.92696 	-0.00622506
3.93197 	-0.00106996
3.93697 	0.00408513
3.94197 	0.00924023
3.94697 	0.0143953
3.95198 	0.0173463
3.95698 	0.0169213
3.96198 	0.0164964
3.96698 	0.0160714
3.97199 	0.0156464
3.97699 	0.0152215
3.98199 	0.0147965
3.98699 	0.0143715
3.992 	0.0139466
3.997 	0.0135216
4.002 	0.0111006
4.007 	0.0056857
4.01201 	0.000270773
4.01701 	-0.00514416
4.02201 	-0.0105591
4.02701 	-0.015974
4.03202 	-0.021389
4.03702 	-0.0268039
4.04202 	-0.0322188
4.04702 	-0.0376338
4.05203 	-0.0375294
4.05703 	-0.0293166
4.06203 	-0.0211037
4.06703 	-0.0128909
4.07204 	-0.00467804
4.07704 	0.00353481
4.08204 	0.0117477
4.08704 	0.0199605
4.09205 	0.0281734
4.09705 	0.0363862
4.10205 	0.0393281
4.10705 	0.0346849
4.11206 	0.0300417
4.11706 	0.0253986
4.12206 	0.0207554
4.12706 	0.0161122
4.13207 	0.0114691
4.13707 	0.00682592
4.14207 	0.00218275
4.14707 	-0.00246042
4.15208 	-0.00671424
4.15708 	-0.0104192
4.16208 	-0.0141242
4.16708 	-0.0178292
4.17209 	-0.0215342
4.17709 	-0.0252392
4.18209 	-0.0289442
4.18709 	-0.0326492
4.1921 	-0.0363542
4.1971 	-0.0400591
4.2021 	-0.0382379
4.2071 	-0.0287852
4.21211 	-0.0193325
4.21711 	-0.0098798
4.22211 	-0.000427103
4.22711 	0.0090256
4.23212 	0.0184783
4.23712 	0.027931
4.24212 	0.0373837
4.24712 	0.0468364
4.25213 	0.0499161
4.25713 	0.0443735
4.26213 	0.038831
4.26713 	0.0332884
4.27214 	0.0277458
4.27714 	0.0222032
4.28214 	0.0166607
4.28714 	0.0111181
4.29215 	0.0055755
4.29715 	3.29236e-05
4.30215 	-0.0054108
4.30715 	-0.0107235
4.31216 	-0.0160362
4.31716 	-0.0213488
4.32216 	-0.0266615
4.32716 	-0.0319742
4.33217 	-0.0372869
4.33717 	-0.0425995
4.34217 	-0.0479122
4.34717 	-0.0532249
4.35218 	-0.0518857
4.35718 	-0.0419066
4.36218 	-0.0319276
4.36718 	-0.0219486
4.37219 	-0.0119695
4.37719 	-0.00199049
4.38219 	0.00798855
4.38719 	0.0179676
4.3922 	0.0279466
4.3972 	0.0379257
4.4022 	0.043466
4.4072 	0.0433572
4.41221 	0.0432483
4.41721 	0.0431395
4.42221 	0.0430307
4.42721 	0.0429218
4.43222 	0.042813
4.43722 	0.0427041
4.44222 	0.0425953
4.44722 	0.0424864
4.45223 	0.0368675
4.45723 	0.0243765
4.46223 	0.0118854
4.46723 	-0.000605588
4.47224 	-0.0130966
4.47724 	-0.0255877
4.48224 	-0.0380787
4.48724 	-0.0505697
4.49225 	-0.0630608
4.49725 	-0.0755518
4.50225 	-0.0787968
4.50725 	-0.0707411
4.51226 	-0.0626853
4.51726 	-0.0546296
4.52226 	-0.0465739
4.52726 	-0.0385181
4.53227 	-0.0304624
4.53727 	-0.0224067
4.54227 	-0.0143509
4.54727 	-0.0062952
4.55228 	0.00179543
4.55728 	0.00992787
4.56228 	0.0180603
4.56728 	0.0261928
4.57229 	0.0343252
4.57729 	0.0424576
4.58229 	0.0505901
4.58729 	0.0587225
4.5923 	0.066855
4.5973 	0.0749874
4.6023 	0.0762273
4.6073 	0.0693759
4.61231 	0.0625246
4.61731 	0.0556732
4.62231 	0.0488219
4.62731 	0.0419705
4.63232 	0.0351192
4.63732 	0.0282678
4.64232 	0.0214165
4.64732 	0.0145651
4.65233 	0.00505383
4.65733 	-0.00751776
4.66233 	-0.0200893
4.66733 	-0.0326609
4.67234 	-0.0452325
4.67734 	-0.0578041
4.68234 	-0.0703757
4.68734 	-0.0829473
4.69235 	-0.0955189
4.69735 	-0.10809
4.70235 	-0.110284
4.70735 	-0.100774
4.71236 	-0.091264
4.71736 	-0.0817541
4.72236 	-0.0722442
4.72736 	-0.0627343
4.73237 	-0.0532244
4.73737 	-0.0437145
4.74237 	-0.0342046
4.74737 	-0.0246947
4.75238 	-0.0115064
4.75738 	0.00574743
4.76238 	0.0230013
4.76738 	0.0402551
4.77239 	0.057509
4.77739 	0.0747629
4.78239 	0.0920167
4.78739 	0.109271
4.7924 	0.126524
4.7974 	0.143778
4.8024 	0.147499
4.8074 	0.136558
4.81241 	0.125617
4.81741 	0.114676
4.82241 	0.103735
4.82741 	0.0927941
4.83242 	0.0818532
4.83742 	0.0709123
4.84242 	0.0599714
4.84742 	0.0490305
4.85243 	0.03692
4.85743 	0.0235676
4.86243 	0.0102151
4.86743 	-0.00313736
4.87244 	-0.0164898
4.87744 	-0.0298423
4.88244 	-0.0431947
4.88744 	-0.0565472
4.89245 	-0.0698997
4.89745 	-0.0832521
4.90245 	-0.0965755
4.90745 	-0.109869
4.91246 	-0.123162
4.91746 	-0.136455
4.92246 	-0.149748
4.92746 	-0.163041
4.93247 	-0.176334
4.93747 	-0.189627
4.94247 	-0.20292
4.94747 	-0.216213
4.95248 	-0.214143
4.95748 	-0.196401
4.96248 	-0.178658
4.96748 	-0.160916
4.97249 	-0.143173
4.97749 	-0.12543
4.98249 	-0.107688
4.98749 	-0.0899452
4.9925 	-0.0722026
4.9975 	-0.05446
5.0025 	-0.0261185
5.0075 	0.012822
5.01251 	0.0517624
5.01751 	0.0907029
5.02251 	0.129643
5.02751 	0.168584
5.03252 	0.207524
5.03752 	0.246465
5.04252 	0.285405
5.04752 	0.324346
5.05253 	0.355946
5.05753 	0.380352
5.06253 	0.404758
5.06753 	0.429164
5.07254 	0.45357
5.07754 	0.477976
5.08254 	0.502382
5.08754 	0.526788
5.09255 	0.551194
5.09755 	0.5756
5.10255 	0.601063
5.10755 	0.627543
5.11256 	0.654022
5.11756 	0.680501
5.12256 	0.706981
5.12756 	0.73346
5.13257 	0.759939
5.13757 	0.786419
5.14257 	0.812898
5.14757 	0.839377
5.15258 	0.859633
5.15758 	0.874026
5.16258 	0.88842
5.16758 	0.902814
5.17259 	0.917208
5.17759 	0.931602
5.18259 	0.945996
5.18759 	0.96039
5.1926 	0.974784
5.1976 	0.989178
5.2026 	0.993209
5.2076 	0.987675
5.21261 	0.982141
5.21761 	0.976607
5.22261 	0.971073
5.22761 	0.965539
5.23262 	0.960005
5.23762 	0.954471
5.24262 	0.948937
5.24762 	0.943403
5.25263 	0.944052
5.25763 	0.950296
5.26263 	0.95654
5.26763 	0.962785
5.27264 	0.969029
5.27764 	0.975273
5.28264 	0.981517
5.28764 	0.987762
5.29265 	0.994006
5.29765 	1.00025
5.30265 	1.00617
5.30765 	1.0118
5.31266 	1.01744
5.31766 	1.02307
5.32266 	1.02871
5.32766 	1.03434
5.33267 	1.03997
5.33767 	1.04561
5.34267 	1.05124
5.34767 	1.05687
5.35268 	1.05383
5.35768 	1.04323
5.36268 	1.03264
5.36768 	1.02204
5.37269 	1.01145
5.37769 	1.00086
5.38269 	0.990261
5.38769 	0.979667
5.3927 	0.969073
5.3977 	0.958479
5.4027 	0.954115
5.4077 	0.955058
5.41271 	0.956002
5.41771 	0.956945
5.42271 	0.957888
5.42771 	0.958831
5.43272 	0.959775
5.43772 	0.960718
5.44272 	0.961661
5.44772 	0.962605
5.45273 	0.969112
5.45773 	0.980265
5.46273 	0.991418
5.46773 	1.00257
5.47274 	1.01372
5.47774 	1.02488
5.48274 	1.03603
5.48774 	1.04718
5.49275 	1.05834
5.49775 	1.06949
5.50275 	1.07109
5.50775 	1.06487
5.51276 	1.05866
5.51776 	1.05244
5.52276 	1.04622
5.52776 	1.04001
5.53277 	1.03379
5.53777 	1.02758
5.54277 	1.02136
5.54777 	1.01515
5.55278 	1.00662
5.55778 	0.996234
5.56278 	0.985851
5.56778 	0.975469
5.57279 	0.965086
5.57779 	0.954703
5.58279 	0.94432
5.58779 	0.933937
5.5928 	0.923555
5.5978 	0.913172
5.6028 	0.91372
5.6078 	0.922855
5.61281 	0.931991
5.61781 	0.941127
5.62281 	0.950263
5.62781 	0.959399
5.63282 	0.968535
5.63782 	0.977671
5.64282 	0.986807
5.64782 	0.995943
5.65283 	1.00612
5.65783 	1.01711
5.66283 	1.02809
5.66783 	1.03907
5.67284 	1.05006
5.67784 	1.06104
5.68284 	1.07203
5.68784 	1.08301
5.69285 	1.09399
5.69785 	1.10498
5.70285 	1.10422
5.70785 	1.09461
5.71286 	1.08499
5.71786 	1.07538
5.72286 	1.06577
5.72786 	1.05615
5.73287 	1.04654
5.73787 	1.03693
5.74287 	1.02731
5.74787 	1.0177
5.75288 	1.00523
5.75788 	0.990659
5.76288 	0.976085
5.76788 	0.96151
5.77289 	0.946936
5.77789 	0.932362
5.78289 	0.917787
5.78789 	0.903213
5.7929 	0.888639
5.7979 	0.874064
5.8029 	0.871179
5.8079 	0.876758
5.81291 	0.882337
5.81791 	0.887916
5.82291 	0.893495
5.82791 	0.899074
5.83292 	0.904654
5.83792 	0.910233
5.84292 	0.915812
5.84792 	0.921391
5.85293 	0.935433
5.85793 	0.95548
5.86293 	0.975526
5.86793 	0.995573
5.87294 	1.01562
5.87794 	1.03567
5.88294 	1.05571
5.88794 	1.07576
5.89295 	1.09581
5.89795 	1.11585
5.90295 	1.12887
5.90795 	1.13701
5.91296 	1.14515
5.91796 	1.15329
5.92296 	1.16143
5.92796 	1.16957
5.93297 	1.1777
5.93797 	1.18584
5.94297 	1.19398
5.94797 	1.20212
5.95298 	1.19511
5.95798 	1.17779
5.96298 	1.16047
5.96798 	1.14315
5.97299 	1.12583
5.97799 	1.10852
5.98299 	1.0912
5.98799 	1.07388
5.993 	1.05656
5.998 	1.03924
6.003 	1.0122
6.008 	0.978676
6.01301 	0.945154
6.01801 	0.911633
6.02301 	0.878111
6.02801 	0.844589
6.03302 	0.811067
6.03802 	0.777546
6.04302 	0.744024
6.04802 	0.710502
6.05303 	0.677521
6.05803 	0.644894
6.06303 	0.612266
6.06803 	0.579639
6.07304 	0.547011
6.07804 	0.514384
6.08304 	0.481756
6.08804 	0.449129
6.09305 	0.416501
6.09805 	0.383874
6.10305 	0.357841
6.10805 	0.336024
6.11306 	0.314207
6.11806 	0.29239
6.12306 	0.270573
6.12806 	0.248756
6.13307 	0.226939
6.13807 	0.205123
6.14307 	0.183306
6.14807 	0.161489
6.15308 	0.14649
6.15808 	0.13576
6.16308 	0.12503
6.16808 	0.1143
6.17309 	0.10357
6.17809 	0.0928403
6.18309 	0.0821103
6.18809 	0.0713803
6.1931 	0.0606503
6.1981 	0.0499202
6.2031 	0.0434653
6.2081 	0.0396307
6.21311 	0.035796
6.21811 	0.0319614
6.22311 	0.0281267
6.22811 	0.024292
6.23312 	0.0204574
6.23812 	0.0166227
6.24312 	0.0127881
6.24812 	0.0089534
6.25313 	0.00697448
6.25813 	0.00610899
6.26313 	0.0052435
6.26813 	0.00437802
6.27314 	0.00351253
6.27814 	0.00264704
6.28314 	0.00178156
6.28814 	0.000916071
6.29315 	5.05843e-05
6.29815 	-0.000814902
6.30315 	-0.001146
6.30815 	-0.00116324
6.31316 	-0.00118049
6.31816 	-0.00119774
6.32316 	-0.00121498
6.32816 	-0.00123223
6.33317 	-0.00124948
6.33817 	-0.00126672
6.34317 	-0.00128397
6.34817 	-0.00130121
6.35318 	-0.00125489
6.35818 	-0.00117201
6.36318 	-0.00108914
6.36818 	-0.00100626
6.37319 	-0.000923391
6.37819 	-0.000840517
6.38319 	-0.000757643
6.38819 	-0.00067477
6.3932 	-0.000591896
6.3982 	-0.000509022
6.4032 	-0.000454031
6.4082 	-0.000414724
6.41321 	-0.000375416
6.41821 	-0.000336109
6.42321 	-0.000296801
6.42821 	-0.000257494
6.43322 	-0.000218186
6.43822 	-0.000178879
6.44322 	-0.000139571
6.44822 	-0.000100264
6.45323 	-8.03895e-05
6.45823 	-7.12112e-05
6.46323 	-6.20329e-05
6.46823 	-5.28546e-05
6.47324 	-4.36763e-05
6.47824 	-3.4498e-05
6.48324 	-2.53197e-05
6.48824 	-1.61414e-05
6.49325 	-6.96311e-06
6.49825 	2.21519e-06
6.50325 	5.64362e-06
6.50825 	5.97596e-06
6.51326 	6.30831e-06
6.51826 	6.64065e-06
6.52326 	6.973e-06
6.52826 	7.30534e-06
6.53327 	7.63769e-06
6.53827 	7.97003e-06
6.54327 	8.30237e-06
6.54827 	8.63472e-06
6.55328 	8.3532e-06
6.55828 	7.74835e-06
6.56328 	7.14349e-06
6.56828 	6.53864e-06
6.57329 	5.93379e-06
6.57829 	5.32893e-06
6.58329 	4.72408e-06
6.58829 	4.11923e-06
6.5933 	3.51438e-06
6.5983 	2.90952e-06
6.6033 	2.54518e-06
6.6083 	2.30475e-06
6.61331 	2.06431e-06
6.61831 	1.82387e-06
6.62331 	1.58343e-06
6.62831 	1.343e-06
6.63332 	1.10256e-06
6.63832 	8.6212e-07
6.64332 	6.21683e-07
6.64832 	3.81245e-07
6.65333 	2.75157e-07
6.65833 	2.36748e-07
6.66333 	1.98339e-07
6.66833 	1.5993e-07
6.67334 	1.21521e-07
6.67834 	8.31115e-08
6.68334 	4.47026e-08
6.68834 	6.29356e-09
6.69335 	-3.21154e-08
6.69835 	-7.05244e-08
6.70335 	-8.06202e-08
6.70835 	-7.67708e-08
6.71336 	-7.29213e-08
6.71836 	-6.90718e-08
6.72336 	-6.52223e-08
6.72836 	-6.13729e-08
6.73337 	-5.75234e-08
6.73837 	-5.36739e-08
6.74337 	-4.98244e-08
6.74837 	-4.59749e-08
6.75338 	-4.22532e-08
6.75838 	-3.85929e-08
6.76338 	-3.49325e-08
6.76838 	-3.12722e-08
6.77339 	-2.76119e-08
6.77839 	-2.39516e-08
6.78339 	-2.02913e-08
6.78839 	-1.6631e-08
6.7934 	-1.29707e-08
6.7984 	-9.31039e-09
6.8034 	-7.56496e-09
6.8084 	-6.72065e-09
6.81341 	-5.87633e-09
6.81841 	-5.03202e-09
6.82341 	-4.18771e-09
6.82841 	-3.34339e-09
6.83342 	-2.49908e-09
6.83842 	-1.65477e-09
6.84342 	-8.10455e-10
6.84842 	3.38579e-11
6.85343 	3.16074e-10
6.85843 	3.39808e-10
6.86343 	3.63542e-10
6.86843 	3.87276e-10
6.87344 	4.1101e-10
6.87844 	4.34744e-10
6.88344 	4.58478e-10
6.88844 	4.82212e-10
6.89345 	5.05946e-10
6.89845 	5.2968e-10
6.90345 	5.08581e-10
6.90845 	4.6734e-10
6.91346 	4.26099e-10
6.91846 	3.84858e-10
6.92346 	3.43617e-10
6.92846 	3.02376e-10
6.93347 	2.61135e-10
6.93847 	2.19894e-10
6.94347 	1.78653e-10
6.94847 	1.37412e-10
6.95348 	1.16415e-10
6.95848 	1.04303e-10
6.96348 	9.21906e-11
6.96848 	8.00783e-11
6.97349 	6.7966e-11
6.97849 	5.58537e-11
6.98349 	4.37413e-11
6.98849 	3.1629e-11
6.9935 	1.95167e-11
6.9985 	7.4044e-12
7.0035 	3.13394e-12
7.0085 	2.22428e-12
7.01351 	1.31462e-12
7.01851 	4.04953e-13
7.02351 	-5.0471e-13
7.02851 	-1.41437e-12
7.03352 	-2.32404e-12
7.03852 	-3.2337e-12
7.04352 	-4.14336e-12
7.04852 	-5.05303e-12
7.05353 	-5.0477e-12
7.05853 	-4.65952e-12
7.06353 	-4.27133e-12
7.06853 	-3.88314e-12
7.07354 	-3.49495e-12
7.07854 	-3.10677e-12
7.08354 	-2.71858e-12
7.08854 	-2.33039e-12
7.09355 	-1.9422e-12
7.09855 	-1.55401e-12
7.10355 	-1.34484e-12
7.10855 	-1.2088e-12
7.11356 	-1.07275e-12
7.11856 	-9.36696e-13
7.12356 	-8.00646e-13
7.12856 	-6.64597e-13
7.13357 	-5.28547e-13
7.13857 	-3.92498e-13
7.14357 	-2.56448e-13
7.14857 	-1.20398e-13
7.15358 	-7.24162e-14
7.15858 	-5.95377e-14
7.16358 	-4.66592e-14
7.16858 	-3.37806e-14
7.17359 	-2.09021e-14
7.17859 	-8.02357e-15
7.18359 	4.85496e-15
7.18859 	1.77335e-14
7.1936 	3.0612e-14
7.1986 	4.34905e-14
7.2036 	4.46932e-14
7.2086 	4.13551e-14
7.21361 	3.80171e-14
7.21861 	3.46791e-14
7.22361 	3.13411e-14
7.22861 	2.80031e-14
7.23362 	2.4665e-14
7.23862 	2.1327e-14
7.24362 	1.7989e-14
7.24862 	1.4651e-14
7.25363 	1.28001e-14
7.25863 	1.15132e-14
7.26363 	1.02264e-14
7.26863 	8.93952e-15
7.27364 	7.65267e-15
7.27864 	6.36583e-15
7.28364 	5.07899e-15
7.28864 	3.79214e-15
7.29365 	2.5053e-15
7.29865 	1.21845e-15
7.30365 	7.78879e-16
7.30865 	6.52682e-16
7.31366 	5.26485e-16
7.31866 	4.00288e-16
7.32366 	2.74091e-16
7.32866 	1.47894e-16
7.33367 	2.16971e-17
7.33867 	-1.045e-16
7.34367 	-2.30697e-16
7.34867 	-3.56894e-16
7.35368 	-3.6989e-16
7.35868 	-3.42072e-16
7.36368 	-3.14254e-16
7.36868 	-2.86436e-16
7.37369 	-2.58619e-16
7.37869 	-2.30801e-16
7.38369 	-2.02983e-16
7.38869 	-1.75165e-16
7.3937 	-1.47347e-16
7.3987 	-1.19529e-16
7.4037 	-1.04457e-16
7.4087 	-9.38615e-17
7.41371 	-8.32664e-17
7.41871 	-7.26714e-17
7.42371 	-6.20763e-17
7.42871 	-5.14813e-17
7.43372 	-4.08862e-17
7.43872 	-3.02912e-17
7.44372 	-1.96961e-17
7.44872 	-9.10105e-18
7.45373 	-5.69348e-18
7.45873 	-4.74604e-18
7.46373 	-3.79861e-18
7.46873 	-2.85117e-18
7.47374 	-1.90374e-18
7.47874 	-9.56306e-19
7.48374 	-8.8715e-21
7.48874 	9.38563e-19
7.49375 	1.886e-18
7.49875 	2.83343e-18
7.50375 	2.89991e-18
7.50875 	2.67275e-18
7.51376 	2.44558e-18
7.51876 	2.21841e-18
7.52376 	1.99124e-18
7.52876 	1.76407e-18
7.53377 	1.53691e-18
7.53877 	1.30974e-18
7.54377 	1.08257e-18
7.54877 	8.55401e-19
7.55378 	7.41752e-19
7.55878 	6.64941e-19
7.56378 	5.8813e-19
7.56878 	5.11319e-19
7.57379 	4.34507e-19
7.57879 	3.57696e-19
7.58379 	2.80885e-19
7.58879 	2.04073e-19
7.5938 	1.27262e-19
7.5988 	5.04509e-20
7.6038 	2.78628e-20
7.6088 	2.23978e-20
7.61381 	1.69329e-20
7.61881 	1.14679e-20
7.62381 	6.003e-21
7.62881 	5.38047e-22
7.63382 	-4.9269e-21
7.63882 	-1.03919e-20
7.64382 	-1.58568e-20
7.64882 	-2.13217e-20
7.65383 	-2.12551e-20
7.65883 	-1.94893e-20
7.66383 	-1.77234e-20
7.66883 	-1.59575e-20
7.67384 	-1.41917e-20
7.67884 	-1.24258e-20
7.68384 	-1.06599e-20
7.68884 	-8.89406e-21
7.69385 	-7.12819e-21
7.69885 	-5.36233e-21
7.70385 	-4.57946e-21
7.70885 	-4.09022e-21
7.71386 	-3.60097e-21
7.71886 	-3.11173e-21
7.72386 	-2.62249e-21
7.72886 	-2.13324e-21
7.73387 	-1.644e-21
7.73887 	-1.15476e-21
7.74387 	-6.65514e-22
7.74887 	-1.7627e-22
7.75388 	-4.92721e-23
7.75888 	-2.74422e-23
7.76388 	-5.6122e-24
7.76888 	1.62178e-23
7.77389 	3.80478e-23
7.77889 	5.98777e-23
7.78389 	8.17077e-23
7.78889 	1.03538e-22
7.7939 	1.25368e-22
7.7989 	1.47198e-22
7.8039 	1.42196e-22
7.8089 	1.29626e-22
7.81391 	1.17056e-22
7.81891 	1.04487e-22
7.82391 	9.1917e-23
7.82891 	7.93472e-23
7.83392 	6.67775e-23
7.83892 	5.42078e-23
7.84392 	4.16381e-23
7.84892 	2.90684e-23
7.85393 	2.42433e-23
7.85893 	2.15395e-23
7.86393 	1.88356e-23
7.86893 	1.61318e-23
7.87394 	1.34279e-23
7.87894 	1.0724e-23
7.88394 	8.02019e-24
7.88894 	5.31633e-24
7.89395 	2.61247e-24
7.89895 	-9.13907e-26
7.90395 	-6.79141e-25
7.90895 	-7.04382e-25
7.91396 	-7.29623e-25
7.91896 	-7.54863e-25
7.92396 	-7.80104e-25
7.92896 	-8.05345e-25
7.93397 	-8.30586e-25
7.93897 	-8.55826e-25
7.94397 	-8.81067e-25
7.94897 	-9.06308e-25
7.95398 	-8.48266e-25
7.95898 	-7.68748e-25
7.96398 	-6.8923e-25
7.96898 	-6.09712e-25
7.97399 	-5.30195e-25
7.97899 	-4.50677e-25
7.98399 	-3.71159e-25
7.98899 	-2.91641e-25
7.994 	-2.12124e-25
7.999 	-1.32606e-25
8.004 	-1.06582e-25
8.009 	-9.39305e-26
8.01401 	-8.12795e-26
8.01901 	-6.86284e-26
8.02401 	-5.59774e-26
8.02901 	-4.33263e-26
8.03402 	-3.06753e-26
8.03902 	-1.80242e-26
8.04402 	-5.37316e-27
8.04902 	7.27789e-27
8.05403 	9.34469e-27
8.05903 	8.84759e-27
8.06403 	8.3505e-27
8.06903 	7.85341e-27
8.07404 	7.35632e-27
8.07904 	6.85922e-27
8.08404 	6.36213e-27
8.08904 	5.86504e-27
8.09405 	5.36795e-27
8.09905 	4.87085e-27
8.10405 	4.42163e-27
8.10905 	3.98363e-27
8.11406 	3.54563e-27
8.11906 	3.10763e-27
8.12406 	2.66964e-27
8.12906 	2.23164e-27
8.13407 	1.79364e-27
8.13907 	1.35564e-27
8.14407 	9.17644e-28
8.14907 	4.79646e-28
8.15408 	3.59795e-28
8.15908 	3.1216e-28
8.16408 	2.64526e-28
8.16908 	2.16892e-28
8.17409 	1.69258e-28
8.17909 	1.21624e-28
8.18409 	7.39902e-29
8.18909 	2.63562e-29
8.1941 	-2.12779e-29
8.1991 	-6.89119e-29
8.2041 	-7.2886e-29
8.2091 	-6.72762e-29
8.21411 	-6.16664e-29
8.21911 	-5.60566e-29
8.22411 	-5.04468e-29
8.22911 	-4.4837e-29
8.23412 	-3.92272e-29
8.23912 	-3.36174e-29
8.24412 	-2.80076e-29
8.24912 	-2.23978e-29
8.25413 	-1.97135e-29
8.25913 	-1.76497e-29
8.26413 	-1.55859e-29
8.26913 	-1.35221e-29
8.27414 	-1.14584e-29
8.27914 	-9.39461e-30
8.28414 	-7.33084e-30
8.28914 	-5.26707e-30
8.29415 	-3.2033e-30
8.29915 	-1.13953e-30
8.30415 	-6.85061e-31
8.30915 	-5.60208e-31
8.31416 	-4.35355e-31
8.31916 	-3.10502e-31
8.32416 	-1.85649e-31
8.32916 	-6.07957e-32
8.33417 	6.40573e-32
8.33917 	1.8891e-31
8.34417 	3.13763e-31
8.34917 	4.38616e-31
8.35418 	4.27504e-31
8.35918 	3.89525e-31
8.36418 	3.51546e-31
8.36918 	3.13566e-31
8.37419 	2.75587e-31
8.37919 	2.37608e-31
8.38419 	1.99628e-31
8.38919 	1.61649e-31
8.3942 	1.23669e-31
8.3992 	8.56901e-32
8.4042 	7.27926e-32
8.4092 	6.46726e-32
8.41421 	5.65527e-32
8.41921 	4.84327e-32
8.42421 	4.03127e-32
8.42921 	3.21927e-32
8.43422 	2.40728e-32
8.43922 	1.59528e-32
8.44422 	7.83279e-33
8.44922 	-2.87186e-34
8.45423 	-1.59913e-33
8.45923 	-1.66227e-33
8.46423 	-1.72541e-33
8.46923 	-1.78855e-33
8.47424 	-1.85168e-33
8.47924 	-1.91482e-33
8.48424 	-1.97796e-33
8.48924 	-2.0411e-33
8.49425 	-2.10423e-33
8.49925 	-2.16737e-33
8.50425 	-2.01121e-33
8.50925 	-1.81635e-33
8.51426 	-1.62148e-33
8.51926 	-1.42662e-33
8.52426 	-1.23176e-33
8.52926 	-1.0369e-33
8.53427 	-8.42034e-34
8.53927 	-6.47172e-34
8.54427 	-4.52309e-34
8.54927 	-2.57447e-34
8.55428 	-2.07466e-34
8.55928 	-1.82057e-34
8.56428 	-1.56647e-34
8.56928 	-1.31237e-34
8.57429 	-1.05827e-34
8.57929 	-8.04177e-35
8.58429 	-5.5008e-35
8.58929 	-2.95983e-35
8.5943 	-4.18852e-36
8.5993 	2.12212e-35
8.6043 	2.33671e-35
8.6093 	2.17259e-35
8.61431 	2.00847e-35
8.61931 	1.84434e-35
8.62431 	1.68022e-35
8.62931 	1.5161e-35
8.63432 	1.35197e-35
8.63932 	1.18785e-35
8.64432 	1.02373e-35
8.64932 	8.59604e-36
8.65433 	7.68447e-36
8.65933 	6.88677e-36
8.66433 	6.08908e-36
8.66933 	5.29139e-36
8.67434 	4.49369e-36
8.67934 	3.696e-36
8.68434 	2.89831e-36
8.68934 	2.10061e-36
8.69435 	1.30292e-36
8.69935 	5.05225e-37
8.70435 	3.53873e-37
8.70935 	2.99101e-37
8.71436 	2.44328e-37
8.71936 	1.89556e-37
8.72436 	1.34783e-37
8.72936 	8.00108e-38
8.73437 	2.52383e-38
8.73937 	-2.95342e-38
8.74437 	-8.43067e-38
8.74937 	-1.39079e-37
8.75438 	-1.35393e-37
8.75938 	-1.23356e-37
8.76438 	-1.11319e-37
8.76938 	-9.92824e-38
8.77439 	-8.72454e-38
8.77939 	-7.52084e-38
8.78439 	-6.31714e-38
8.78939 	-5.11344e-38
8.7944 	-3.90974e-38
8.7994 	-2.70604e-38
8.8044 	-2.33269e-38
8.8094 	-2.07255e-38
8.81441 	-1.81242e-38
8.81941 	-1.55229e-38
8.82441 	-1.29216e-38
8.82941 	-1.03203e-38
8.83442 	-7.71902e-39
8.83942 	-5.11772e-39
8.84442 	-2.51641e-39
8.84942 	8.48914e-41
8.85443 	4.03459e-40
8.85943 	4.254e-40
8.86443 	4.47342e-40
8.86943 	4.69283e-40
8.87444 	4.91224e-40
8.87944 	5.13165e-40
8.88444 	5.35106e-40
8.88944 	5.57047e-40
8.89445 	5.78988e-40
8.89945 	6.00929e-40
8.90445 	5.54708e-40
8.90945 	5.00062e-40
8.91446 	4.45417e-40
8.91946 	3.90771e-40
8.92446 	3.36125e-40
8.92946 	2.81479e-40
8.93447 	2.26834e-40
8.93947 	1.72188e-40
8.94447 	1.17542e-40
8.94947 	6.28964e-41
8.95448 	5.1439e-41
8.95948 	4.50485e-41
8.96448 	3.86579e-41
8.96948 	3.22673e-41
8.97449 	2.58768e-41
8.97949 	1.94862e-41
8.98449 	1.30957e-41
8.98949 	6.70509e-42
8.9945 	3.14532e-43
8.9995 	-6.07603e-42
9.0045 	-6.28201e-42
9.0095 	-5.80081e-42
9.01451 	-5.31961e-42
9.01951 	-4.83841e-42
9.02451 	-4.3572e-42
9.02951 	-3.876e-42
9.03452 	-3.3948e-42
9.03952 	-2.9136e-42
9.04452 	-2.4324e-42
9.04952 	-1.9512e-42
9.05453 	-1.73834e-42
9.05953 	-1.55364e-42
9.06453 	-1.36894e-42
9.06953 	-1.18424e-42
9.07454 	-9.99539e-43
9.07954 	-8.1484e-43
9.08454 	-6.30141e-43
9.08954 	-4.45442e-43
9.09455 	-2.60742e-43
9.09955 	-7.60433e-44
9.10455 	-5.10327e-44
9.10955 	-4.18155e-44
9.11456 	-3.25983e-44
9.11956 	-2.33812e-44
9.12456 	-1.4164e-44
9.12956 	-4.94679e-45
9.13457 	4.27039e-45
9.13957 	1.34876e-44
9.14457 	2.27048e-44
9.14957 	3.19219e-44
9.15458 	3.01235e-44
9.15958 	2.73017e-44
9.16458 	2.44799e-44
9.16958 	2.16581e-44
9.17459 	1.88364e-44
9.17959 	1.60146e-44
9.18459 	1.31928e-44
9.18959 	1.0371e-44
9.1946 	7.54925e-45
9.1996 	4.72747e-45
9.2046 	4.06911e-45
9.2096 	3.59887e-45
9.21461 	3.12863e-45
9.21961 	2.65839e-45
9.22461 	2.18815e-45
9.22961 	1.71791e-45
9.23462 	1.24767e-45
9.23962 	7.7743e-46
9.24462 	3.0719e-46
9.24962 	-1.6305e-46
9.25463 	-1.89911e-46
9.25963 	-1.80823e-46
9.26463 	-1.71735e-46
9.26963 	-1.62647e-46
9.27464 	-1.53559e-46
9.27964 	-1.44471e-46
9.28464 	-1.35383e-46
9.28964 	-1.26295e-46
9.29465 	-1.17207e-46
9.29965 	-1.08119e-46
9.30465 	-9.80988e-47
9.30965 	-8.80084e-47
9.31466 	-7.7918e-47
9.31966 	-6.78275e-47
9.32466 	-5.77371e-47
9.32966 	-4.76467e-47
9.33467 	-3.75562e-47
9.33967 	-2.74658e-47
9.34467 	-1.73754e-47
9.34967 	-7.28496e-48
9.35468 	-5.87723e-48
9.35968 	-5.07311e-48
9.36468 	-4.26899e-48
9.36968 	-3.46487e-48
9.37469 	-2.66074e-48
9.37969 	-1.85662e-48
9.38469 	-1.0525e-48
9.38969 	-2.48379e-49
9.3947 	5.55742e-49
9.3997 	1.35986e-48
9.4047 	1.29994e-48
9.4097 	1.18486e-48
9.41471 	1.06979e-48
9.41971 	9.54715e-49
9.42471 	8.3964e-49
9.42971 	7.24564e-49
9.43472 	6.09489e-49
9.43972 	4.94414e-49
9.44472 	3.79339e-49
9.44972 	2.64264e-49
9.45473 	2.33363e-49
9.45973 	2.07362e-49
9.46473 	1.8136e-49
9.46973 	1.55359e-49
9.47474 	1.29357e-49
9.47974 	1.03355e-49
9.48474 	7.73537e-50
9.48974 	5.13521e-50
9.49475 	2.53505e-50
9.49975 	-6.51078e-52
9.50475 	-2.23147e-51
9.50975 	-2.52653e-51
9.51476 	-2.82159e-51
9.51976 	-3.11665e-51
9.52476 	-3.41171e-51
9.52976 	-3.70677e-51
9.53477 	-4.00183e-51
9.53977 	-4.29689e-51
9.54477 	-4.59195e-51
9.54977 	-4.88701e-51
9.55478 	-4.47148e-51
9.55978 	-4.02246e-51
9.56478 	-3.57344e-51
9.56978 	-3.12442e-51
9.57479 	-2.6754e-51
9.57979 	-2.22639e-51
9.58479 	-1.77737e-51
9.58979 	-1.32835e-51
9.5948 	-8.79332e-52
9.5998 	-4.30313e-52
9.6048 	-3.67922e-52
9.6098 	-3.2164e-52
9.61481 	-2.75357e-52
9.61981 	-2.29075e-52
9.62481 	-1.82793e-52
9.62981 	-1.36511e-52
9.63482 	-9.02289e-53
9.63982 	-4.39468e-53
9.64482 	2.33537e-54
9.64982 	4.86175e-53
9.65483 	4.65214e-53
9.65983 	4.26707e-53
9.66483 	3.882e-53
9.66983 	3.49693e-53
9.67484 	3.11185e-53
9.67984 	2.72678e-53
9.68484 	2.34171e-53
9.68984 	1.95663e-53
9.69485 	1.57156e-53
9.69985 	1.18649e-53
9.70485 	1.06247e-53
9.70985 	9.46526e-54
9.71486 	8.30581e-54
9.71986 	7.14636e-54
9.72486 	5.98691e-54
9.72986 	4.82746e-54
9.73487 	3.66801e-54
9.73987 	2.50856e-54
9.74487 	1.34911e-54
9.74987 	1.89663e-55
9.75488 	1.26646e-55
9.75988 	9.17427e-56
9.76488 	5.68393e-56
9.76988 	2.19359e-56
9.77489 	-1.29675e-56
9.77989 	-4.7871e-56
9.78489 	-8.27744e-56
9.78989 	-1.17678e-55
9.7949 	-1.52581e-55
9.7999 	-1.87485e-55
9.8049 	-1.71589e-55
9.8099 	-1.54656e-55
9.81491 	-1.37723e-55
9.81991 	-1.2079e-55
9.82491 	-1.03858e-55
9.82991 	-8.69249e-56
9.83492 	-6.99922e-56
9.83992 	-5.30595e-56
9.84492 	-3.61267e-56
9.84992 	-1.9194e-56
9.85493 	-1.69207e-56
9.85993 	-1.48707e-56
9.86493 	-1.28207e-56
9.86993 	-1.07706e-56
9.87494 	-8.72061e-57
9.87994 	-6.67058e-57
9.88494 	-4.62055e-57
9.88994 	-2.57052e-57
9.89495 	-5.20494e-58
9.89995 	1.52954e-57
9.90495 	1.44016e-57
9.90995 	1.32918e-57
9.91496 	1.2182e-57
9.91996 	1.10721e-57
9.92496 	9.9623e-58
9.92996 	8.85247e-58
9.93497 	7.74264e-58
9.93997 	6.6328e-58
9.94497 	5.52297e-58
9.94997 	4.41314e-58
9.95498 	3.99401e-58
9.95998 	3.57835e-58
9.96498 	3.1627e-58
9.96998 	2.74704e-58
9.97499 	2.33139e-58
9.97999 	1.91573e-58
9.98499 	1.50008e-58
9.98999 	1.08442e-58
9.995 	6.68764e-59
10 	2.53108e-59
