0 	2.19342e-115
0.0050025 	-2.61091e-115
0.010005 	-7.41525e-115
0.0150075 	-1.22196e-114
0.02001 	-1.70239e-114
0.0250125 	-2.18283e-114
0.030015 	-2.66326e-114
0.0350175 	-3.14369e-114
0.04002 	-3.62413e-114
0.0450225 	-4.10456e-114
0.050025 	-4.47361e-114
0.0550275 	1.73235e-113
0.06003 	3.91206e-113
0.0650325 	6.09177e-113
0.070035 	8.27148e-113
0.0750375 	1.04512e-112
0.08004 	1.26309e-112
0.0850425 	1.48106e-112
0.090045 	1.69903e-112
0.0950475 	1.917e-112
0.10005 	2.0327e-112
0.105053 	-7.97626e-112
0.110055 	-1.79852e-111
0.115058 	-2.79942e-111
0.12006 	-3.80032e-111
0.125063 	-4.80121e-111
0.130065 	-5.80211e-111
0.135068 	-6.80301e-111
0.14007 	-7.8039e-111
0.145073 	-8.8048e-111
0.150075 	-9.10955e-111
0.155078 	3.62993e-110
0.16008 	8.17081e-110
0.165083 	1.27117e-109
0.170085 	1.72526e-109
0.175088 	2.17935e-109
0.18009 	2.63344e-109
0.185093 	3.08752e-109
0.190095 	3.54161e-109
0.195098 	3.9957e-109
0.2001 	4.03366e-109
0.205103 	-1.63187e-108
0.210105 	-3.6671e-108
0.215108 	-5.70234e-108
0.22011 	-7.73757e-108
0.225113 	-9.7728e-108
0.230115 	-1.1808e-107
0.235118 	-1.38433e-107
0.24012 	-1.58785e-107
0.245123 	-1.79137e-107
0.250125 	-1.76455e-107
0.255128 	7.246e-107
0.26013 	1.62566e-106
0.265133 	2.52671e-106
0.270135 	3.42777e-106
0.275138 	4.32882e-106
0.28014 	5.22988e-106
0.285143 	6.13093e-106
0.290145 	7.03199e-106
0.295148 	7.93304e-106
0.30015 	7.62508e-106
0.305153 	-3.17744e-105
0.310155 	-7.11738e-105
0.315158 	-1.10573e-104
0.32016 	-1.49973e-104
0.325163 	-1.89372e-104
0.330165 	-2.28772e-104
0.335168 	-2.68171e-104
0.34017 	-3.07571e-104
0.345173 	-3.4697e-104
0.350175 	-3.25447e-104
0.355178 	1.37581e-103
0.36018 	3.07706e-103
0.365183 	4.77831e-103
0.370185 	6.47956e-103
0.375188 	8.18081e-103
0.38019 	9.88207e-103
0.385193 	1.15833e-102
0.390195 	1.32846e-102
0.395198 	1.49858e-102
0.4002 	1.37178e-102
0.405203 	-5.8813e-102
0.410205 	-1.31344e-101
0.415208 	-2.03875e-101
0.42021 	-2.76405e-101
0.425213 	-3.48936e-101
0.430215 	-4.21467e-101
0.435218 	-4.93998e-101
0.44022 	-5.66528e-101
0.445223 	-6.39059e-101
0.450225 	-5.70954e-101
0.455228 	2.48175e-100
0.46023 	5.53446e-100
0.465233 	8.58717e-100
0.470235 	1.16399e-99
0.475238 	1.46926e-99
0.48024 	1.77453e-99
0.485243 	2.0798e-99
0.490245 	2.38507e-99
0.495248 	2.69034e-99
0.50025 	2.34625e-99
0.505253 	-1.03358e-98
0.510255 	-2.30179e-98
0.515258 	-3.57e-98
0.52026 	-4.83821e-98
0.525263 	-6.10642e-98
0.530265 	-7.37463e-98
0.535268 	-8.64283e-98
0.54027 	-9.91104e-98
0.545273 	-1.11793e-97
0.550275 	-9.51794e-98
0.555278 	4.24779e-97
0.56028 	9.44738e-97
0.565283 	1.4647e-96
0.570285 	1.98465e-96
0.575288 	2.50461e-96
0.58029 	3.02457e-96
0.585293 	3.54453e-96
0.590295 	4.06449e-96
0.595298 	4.58445e-96
0.6003 	3.81109e-96
0.605303 	-1.72242e-95
0.610305 	-3.82595e-95
0.615308 	-5.92948e-95
0.62031 	-8.03301e-95
0.625313 	-1.01365e-94
0.630315 	-1.22401e-94
0.635318 	-1.43436e-94
0.64032 	-1.64471e-94
0.645323 	-1.85507e-94
0.650325 	-1.50602e-94
0.655328 	6.88969e-94
0.66033 	1.52854e-93
0.665333 	2.36811e-93
0.670335 	3.20769e-93
0.675338 	4.04726e-93
0.68034 	4.88683e-93
0.685343 	5.7264e-93
0.690345 	6.56597e-93
0.695348 	7.40554e-93
0.70035 	5.87258e-93
0.705353 	-2.71812e-92
0.710355 	-6.0235e-92
0.715358 	-9.32888e-92
0.72036 	-1.26343e-91
0.725363 	-1.59396e-91
0.730365 	-1.9245e-91
0.735368 	-2.25504e-91
0.74037 	-2.58558e-91
0.745373 	-2.91612e-91
0.750375 	-2.25931e-91
0.755378 	1.05747e-90
0.76038 	2.34087e-90
0.765383 	3.62427e-90
0.770385 	4.90767e-90
0.775388 	6.19107e-90
0.78039 	7.47447e-90
0.785393 	8.75788e-90
0.790395 	1.00413e-89
0.795398 	1.13247e-89
0.8004 	8.57451e-90
0.805403 	-4.05617e-89
0.810405 	-8.9698e-89
0.815408 	-1.38834e-88
0.82041 	-1.8797e-88
0.825413 	-2.37107e-88
0.830415 	-2.86243e-88
0.835418 	-3.35379e-88
0.84042 	-3.84515e-88
0.845423 	-4.33652e-88
0.850425 	-3.20967e-88
0.855428 	1.53367e-87
0.86043 	3.38831e-87
0.865433 	5.24294e-87
0.870435 	7.09758e-87
0.875438 	8.95222e-87
0.88044 	1.08069e-86
0.885443 	1.26615e-86
0.890445 	1.45161e-86
0.895448 	1.63708e-86
0.90045 	1.18485e-86
0.905453 	-5.71517e-86
0.910455 	-1.26152e-85
0.915458 	-1.95152e-85
0.92046 	-2.64152e-85
0.925463 	-3.33152e-85
0.930465 	-4.02152e-85
0.935468 	-4.71153e-85
0.94047 	-5.40153e-85
0.945473 	-6.09153e-85
0.950475 	-4.31265e-85
0.955478 	2.09855e-84
0.96048 	4.62837e-84
0.965483 	7.15819e-84
0.970485 	9.688e-84
0.975488 	1.22178e-83
0.98049 	1.47476e-83
0.985493 	1.72775e-83
0.990495 	1.98073e-83
0.995498 	2.23371e-83
1.0005 	1.54751e-83
1.0055 	-7.59127e-83
1.01051 	-1.673e-82
1.01551 	-2.58688e-82
1.02051 	-3.50076e-82
1.02551 	-4.41464e-82
1.03052 	-5.32852e-82
1.03552 	-6.24239e-82
1.04052 	-7.15627e-82
1.04552 	-8.07015e-82
1.05053 	-5.47343e-82
1.05553 	2.7047e-81
1.06053 	5.95674e-81
1.06553 	9.20878e-81
1.07054 	1.24608e-80
1.07554 	1.57129e-80
1.08054 	1.89649e-80
1.08554 	2.2217e-80
1.09055 	2.5469e-80
1.09555 	2.8721e-80
1.10055 	1.90784e-80
1.10555 	-9.48939e-80
1.11056 	-2.08866e-79
1.11556 	-3.22839e-79
1.12056 	-4.36811e-79
1.12556 	-5.50783e-79
1.13057 	-6.64756e-79
1.13557 	-7.78728e-79
1.14057 	-8.927e-79
1.14557 	-1.00667e-78
1.15058 	-6.55246e-79
1.15558 	3.27773e-78
1.16058 	7.21071e-78
1.16558 	1.11437e-77
1.17059 	1.50767e-77
1.17559 	1.90096e-77
1.18059 	2.29426e-77
1.18559 	2.68756e-77
1.1906 	3.08086e-77
1.1956 	3.47415e-77
1.2006 	2.217e-77
1.2056 	-1.11435e-76
1.21061 	-2.4504e-76
1.21561 	-3.78645e-76
1.22061 	-5.1225e-76
1.22561 	-6.45854e-76
1.23062 	-7.79459e-76
1.23562 	-9.13064e-76
1.24062 	-1.04667e-75
1.24562 	-1.18027e-75
1.25063 	-7.38824e-76
1.25563 	3.72801e-75
1.26063 	8.19484e-75
1.26563 	1.26617e-74
1.27064 	1.71285e-74
1.27564 	2.15953e-74
1.28064 	2.60622e-74
1.28564 	3.0529e-74
1.29065 	3.49958e-74
1.29565 	3.94627e-74
1.30065 	2.42463e-74
1.30565 	-1.22696e-73
1.31066 	-2.69639e-73
1.31566 	-4.16582e-73
1.32066 	-5.63524e-73
1.32566 	-7.10467e-73
1.33067 	-8.5741e-73
1.33567 	-1.00435e-72
1.34067 	-1.15129e-72
1.34567 	-1.29824e-72
1.35068 	-7.83408e-73
1.35568 	3.97166e-72
1.36068 	8.72673e-72
1.36568 	1.34818e-71
1.37069 	1.82369e-71
1.37569 	2.29919e-71
1.38069 	2.7747e-71
1.38569 	3.25021e-71
1.3907 	3.72572e-71
1.3957 	4.20122e-71
1.4007 	2.49159e-71
1.4057 	-1.2641e-70
1.41071 	-2.77737e-70
1.41571 	-4.29063e-70
1.42071 	-5.80389e-70
1.42571 	-7.31715e-70
1.43072 	-8.83041e-70
1.43572 	-1.03437e-69
1.44072 	-1.18569e-69
1.44572 	-1.33702e-69
1.45073 	-7.79856e-70
1.45573 	3.95496e-69
1.46073 	8.68977e-69
1.46573 	1.34246e-68
1.47074 	1.81594e-68
1.47574 	2.28942e-68
1.48074 	2.7629e-68
1.48574 	3.23638e-68
1.49075 	3.70986e-68
1.49575 	4.18334e-68
1.50075 	2.4016e-68
1.50575 	-1.21597e-67
1.51076 	-2.67211e-67
1.51576 	-4.12824e-67
1.52076 	-5.58438e-67
1.52576 	-7.04051e-67
1.53077 	-8.49665e-67
1.53577 	-9.95278e-67
1.54077 	-1.14089e-66
1.54577 	-1.28651e-66
1.55078 	-7.27497e-67
1.55578 	3.67284e-66
1.56078 	8.07318e-66
1.56578 	1.24735e-65
1.57079 	1.68738e-65
1.57579 	2.12742e-65
1.58079 	2.56745e-65
1.58579 	3.00749e-65
1.5908 	3.44752e-65
1.5958 	3.88755e-65
1.6008 	2.16718e-65
1.6058 	-1.08953e-64
1.61081 	-2.39578e-64
1.61581 	-3.70203e-64
1.62081 	-5.00828e-64
1.62581 	-6.31453e-64
1.63082 	-7.62078e-64
1.63582 	-8.92703e-64
1.64082 	-1.02333e-63
1.64582 	-1.15395e-63
1.65083 	-6.34717e-64
1.65583 	3.1732e-63
1.66083 	6.98112e-63
1.66583 	1.0789e-62
1.67084 	1.4597e-62
1.67584 	1.84049e-62
1.68084 	2.22128e-62
1.68584 	2.60207e-62
1.69085 	2.98286e-62
1.69585 	3.36366e-62
1.70085 	1.82712e-62
1.70585 	-9.07051e-62
1.71086 	-1.99681e-61
1.71586 	-3.08658e-61
1.72086 	-4.17634e-61
1.72586 	-5.2661e-61
1.73087 	-6.35587e-61
1.73587 	-7.44563e-61
1.74087 	-8.53539e-61
1.74587 	-9.62516e-61
1.75088 	-5.16806e-61
1.75588 	2.54385e-60
1.76088 	5.60451e-60
1.76588 	8.66516e-60
1.77089 	1.17258e-59
1.77589 	1.47865e-59
1.78089 	1.78471e-59
1.78589 	2.09078e-59
1.7909 	2.39684e-59
1.7959 	2.70291e-59
1.8009 	1.43593e-59
1.8059 	-6.99713e-59
1.81091 	-1.54302e-58
1.81591 	-2.38632e-58
1.82091 	-3.22963e-58
1.82591 	-4.07294e-58
1.83092 	-4.91624e-58
1.83592 	-5.75955e-58
1.84092 	-6.60285e-58
1.84592 	-7.44616e-58
1.85093 	-3.91785e-58
1.85593 	1.88692e-57
1.86093 	4.16563e-57
1.86593 	6.44433e-57
1.87094 	8.72304e-57
1.87594 	1.10017e-56
1.88094 	1.32804e-56
1.88594 	1.55592e-56
1.89095 	1.78379e-56
1.89595 	2.01166e-56
1.90095 	1.04936e-56
1.90595 	-4.98682e-56
1.91096 	-1.1023e-55
1.91596 	-1.70592e-55
1.92096 	-2.30953e-55
1.92596 	-2.91315e-55
1.93097 	-3.51677e-55
1.93597 	-4.12039e-55
1.94097 	-4.724e-55
1.94597 	-5.32762e-55
1.95098 	-2.75811e-55
1.95598 	1.29107e-54
1.96098 	2.85796e-54
1.96598 	4.42484e-54
1.97099 	5.99173e-54
1.97599 	7.55861e-54
1.98099 	9.1255e-54
1.98599 	1.06924e-53
1.991 	1.22593e-53
1.996 	1.38262e-53
2.001 	7.11131e-54
2.006 	-3.27305e-53
2.01101 	-7.25722e-53
2.01601 	-1.12414e-52
2.02101 	-1.52256e-52
2.02601 	-1.92098e-52
2.03102 	-2.31939e-52
2.03602 	-2.71781e-52
2.04102 	-3.11623e-52
2.04602 	-3.51465e-52
2.05103 	-1.79792e-52
2.05603 	8.12143e-52
2.06103 	1.80408e-51
2.06603 	2.79601e-51
2.07104 	3.78795e-51
2.07604 	4.77988e-51
2.08104 	5.77182e-51
2.08604 	6.76375e-51
2.09105 	7.75569e-51
2.09605 	8.74762e-51
2.10105 	4.45552e-51
2.10605 	-1.97147e-50
2.11106 	-4.38848e-50
2.11606 	-6.8055e-50
2.12106 	-9.22252e-50
2.12606 	-1.16395e-49
2.13107 	-1.40566e-49
2.13607 	-1.64736e-49
2.14107 	-1.88906e-49
2.14607 	-2.13076e-49
2.15108 	-1.08179e-49
2.15608 	4.67961e-49
2.16108 	1.0441e-48
2.16608 	1.62024e-48
2.17109 	2.19638e-48
2.17609 	2.77252e-48
2.18109 	3.34866e-48
2.18609 	3.92481e-48
2.1911 	4.50095e-48
2.1961 	5.07709e-48
2.2011 	2.57225e-48
2.2061 	-1.0856e-47
2.21111 	-2.42843e-47
2.21611 	-3.77126e-47
2.22111 	-5.11409e-47
2.22611 	-6.45692e-47
2.23112 	-7.79975e-47
2.23612 	-9.14258e-47
2.24112 	-1.04854e-46
2.24612 	-1.18282e-46
2.25113 	-5.98684e-47
2.25613 	2.46003e-46
2.26113 	5.51874e-46
2.26613 	8.57745e-46
2.27114 	1.16362e-45
2.27614 	1.46949e-45
2.28114 	1.77536e-45
2.28614 	2.08123e-45
2.29115 	2.3871e-45
2.29615 	2.69297e-45
2.30115 	1.36326e-45
2.30615 	-5.44211e-45
2.31116 	-1.22475e-44
2.31616 	-1.90529e-44
2.32116 	-2.58582e-44
2.32616 	-3.26636e-44
2.33117 	-3.9469e-44
2.33617 	-4.62743e-44
2.34117 	-5.30797e-44
2.34617 	-5.98851e-44
2.35118 	-3.03545e-44
2.35618 	1.17461e-43
2.36118 	2.65277e-43
2.36618 	4.13093e-43
2.37119 	5.60909e-43
2.37619 	7.08725e-43
2.38119 	8.5654e-43
2.38619 	1.00436e-42
2.3912 	1.15217e-42
2.3962 	1.29999e-42
2.4012 	6.60524e-43
2.4062 	-2.47199e-42
2.41121 	-5.60451e-42
2.41621 	-8.73702e-42
2.42121 	-1.18695e-41
2.42621 	-1.50021e-41
2.43122 	-1.81346e-41
2.43622 	-2.12671e-41
2.44122 	-2.43996e-41
2.44622 	-2.75321e-41
2.45123 	-1.40384e-41
2.45623 	5.06913e-41
2.46123 	1.15421e-40
2.46623 	1.80151e-40
2.47124 	2.4488e-40
2.47624 	3.0961e-40
2.48124 	3.7434e-40
2.48624 	4.39069e-40
2.49125 	5.03799e-40
2.49625 	5.68529e-40
2.50125 	2.91231e-40
2.50625 	-1.01215e-39
2.51126 	-2.31553e-39
2.51626 	-3.61892e-39
2.52126 	-4.9223e-39
2.52626 	-6.22568e-39
2.53127 	-7.52906e-39
2.53627 	-8.83244e-39
2.54127 	-1.01358e-38
2.54627 	-1.14392e-38
2.55128 	-5.8933e-39
2.55628 	1.96633e-38
2.56128 	4.52199e-38
2.56628 	7.07765e-38
2.57129 	9.63331e-38
2.57629 	1.2189e-37
2.58129 	1.47446e-37
2.58629 	1.73003e-37
2.5913 	1.98559e-37
2.5963 	2.24116e-37
2.6013 	1.16246e-37
2.6063 	-3.71378e-37
2.61131 	-8.59002e-37
2.61631 	-1.34663e-36
2.62131 	-1.83425e-36
2.62631 	-2.32187e-36
2.63132 	-2.8095e-36
2.63632 	-3.29712e-36
2.64132 	-3.78475e-36
2.64632 	-4.27237e-36
2.65133 	-2.23341e-36
2.65633 	6.81325e-36
2.66133 	1.58599e-35
2.66633 	2.49066e-35
2.67134 	3.39532e-35
2.67634 	4.29999e-35
2.68134 	5.20465e-35
2.68634 	6.10932e-35
2.69135 	7.01399e-35
2.69635 	7.91865e-35
2.70135 	4.17629e-35
2.70635 	-1.21303e-34
2.71136 	-2.84368e-34
2.71636 	-4.47434e-34
2.72136 	-6.105e-34
2.72636 	-7.73565e-34
2.73137 	-9.36631e-34
2.73637 	-1.0997e-33
2.74137 	-1.26276e-33
2.74637 	-1.42583e-33
2.75138 	-7.59414e-34
2.75638 	2.09381e-33
2.76138 	4.94703e-33
2.76638 	7.80026e-33
2.77139 	1.06535e-32
2.77639 	1.35067e-32
2.78139 	1.63599e-32
2.78639 	1.92131e-32
2.7914 	2.20664e-32
2.7964 	2.49196e-32
2.8014 	1.34167e-32
2.8064 	-3.50019e-32
2.81141 	-8.34206e-32
2.81641 	-1.31839e-31
2.82141 	-1.80258e-31
2.82641 	-2.28676e-31
2.83142 	-2.77095e-31
2.83642 	-3.25514e-31
2.84142 	-3.73932e-31
2.84642 	-4.22351e-31
2.85143 	-2.3008e-31
2.85643 	5.66024e-31
2.86143 	1.36213e-30
2.86643 	2.15823e-30
2.87144 	2.95434e-30
2.87644 	3.75044e-30
2.88144 	4.54655e-30
2.88644 	5.34265e-30
2.89145 	6.13876e-30
2.89645 	6.93486e-30
2.90145 	3.82596e-30
2.90645 	-8.84348e-30
2.91146 	-2.15129e-29
2.91646 	-3.41824e-29
2.92146 	-4.68518e-29
2.92646 	-5.95212e-29
2.93147 	-7.21907e-29
2.93647 	-8.48601e-29
2.94147 	-9.75295e-29
2.94647 	-1.10199e-28
2.95148 	-6.16251e-29
2.95648 	1.3331e-28
2.96148 	3.28245e-28
2.96648 	5.2318e-28
2.97149 	7.18114e-28
2.97649 	9.13049e-28
2.98149 	1.10798e-27
2.98649 	1.30292e-27
2.9915 	1.49785e-27
2.9965 	1.69279e-27
3.0015 	9.60348e-28
3.0065 	-1.93597e-27
3.01151 	-4.83229e-27
3.01651 	-7.7286e-27
3.02151 	-1.06249e-26
3.02651 	-1.35212e-26
3.03152 	-1.64176e-26
3.03652 	-1.93139e-26
3.04152 	-2.22102e-26
3.04652 	-2.51065e-26
3.05153 	-1.44614e-26
3.05653 	2.70402e-26
3.06153 	6.85419e-26
3.06653 	1.10044e-25
3.07154 	1.51545e-25
3.07654 	1.93047e-25
3.08154 	2.34549e-25
3.08654 	2.7605e-25
3.09155 	3.17552e-25
3.09655 	3.59054e-25
3.10155 	2.10147e-25
3.10655 	-3.62569e-25
3.11156 	-9.35286e-25
3.11656 	-1.508e-24
3.12156 	-2.08072e-24
3.12656 	-2.65344e-24
3.13157 	-3.22615e-24
3.13657 	-3.79887e-24
3.14157 	-4.37159e-24
3.14657 	-4.9443e-24
3.15158 	-2.94264e-24
3.15658 	4.65728e-24
3.16158 	1.22572e-23
3.16658 	1.98571e-23
3.17159 	2.74571e-23
3.17659 	3.5057e-23
3.18159 	4.26569e-23
3.18659 	5.02568e-23
3.1916 	5.78567e-23
3.1966 	6.54567e-23
3.2016 	3.9643e-23
3.2066 	-5.71744e-23
3.21161 	-1.53992e-22
3.21661 	-2.50809e-22
3.22161 	-3.47627e-22
3.22661 	-4.44444e-22
3.23162 	-5.41262e-22
3.23662 	-6.38079e-22
3.24162 	-7.34897e-22
3.24662 	-8.31714e-22
3.25163 	-5.12945e-22
3.25663 	6.68967e-22
3.26163 	1.85088e-21
3.26663 	3.03279e-21
3.27164 	4.2147e-21
3.27664 	5.39661e-21
3.28164 	6.57853e-21
3.28664 	7.76044e-21
3.29165 	8.94235e-21
3.29665 	1.01243e-20
3.30165 	6.3626e-21
3.30665 	-7.436e-21
3.31166 	-2.12346e-20
3.31666 	-3.50332e-20
3.32166 	-4.88318e-20
3.32666 	-6.26304e-20
3.33167 	-7.6429e-20
3.33667 	-9.02276e-20
3.34167 	-1.04026e-19
3.34667 	-1.17825e-19
3.35168 	-7.55032e-20
3.35668 	7.82214e-20
3.36168 	2.31946e-19
3.36668 	3.85671e-19
3.37169 	5.39395e-19
3.37669 	6.9312e-19
3.38169 	8.46844e-19
3.38669 	1.00057e-18
3.3917 	1.15429e-18
3.3967 	1.30802e-18
3.4017 	8.55211e-19
3.4067 	-7.7498e-19
3.41171 	-2.40517e-18
3.41671 	-4.03536e-18
3.42171 	-5.66555e-18
3.42671 	-7.29574e-18
3.43172 	-8.92594e-18
3.43672 	-1.05561e-17
3.44172 	-1.21863e-17
3.44672 	-1.38165e-17
3.45173 	-9.2227e-18
3.45673 	7.18771e-18
3.46173 	2.35981e-17
3.46673 	4.00085e-17
3.47174 	5.64189e-17
3.47674 	7.28293e-17
3.48174 	8.92397e-17
3.48674 	1.0565e-16
3.49175 	1.22061e-16
3.49675 	1.38471e-16
3.50175 	9.44243e-17
3.50675 	-6.18995e-17
3.51176 	-2.18223e-16
3.51676 	-3.74547e-16
3.52176 	-5.30871e-16
3.52676 	-6.87195e-16
3.53177 	-8.43518e-16
3.53677 	-9.99842e-16
3.54177 	-1.15617e-15
3.54677 	-1.31249e-15
3.55178 	-9.14859e-16
3.55678 	4.89252e-16
3.56178 	1.89336e-15
3.56678 	3.29747e-15
3.57179 	4.70159e-15
3.57679 	6.1057e-15
3.58179 	7.50981e-15
3.58679 	8.91392e-15
3.5918 	1.0318e-14
3.5968 	1.17221e-14
3.6018 	8.3574e-15
3.6068 	-3.48528e-15
3.61181 	-1.5328e-14
3.61681 	-2.71707e-14
3.62181 	-3.90133e-14
3.62681 	-5.0856e-14
3.63182 	-6.26987e-14
3.63682 	-7.45414e-14
3.64182 	-8.63841e-14
3.64682 	-9.82268e-14
3.65183 	-7.16782e-14
3.65683 	2.16608e-14
3.66183 	1.15e-13
3.66683 	2.08339e-13
3.67184 	3.01678e-13
3.67684 	3.95017e-13
3.68184 	4.88356e-13
3.68684 	5.81695e-13
3.69185 	6.75033e-13
3.69685 	7.68372e-13
3.70185 	5.74289e-13
3.70685 	-1.09189e-13
3.71186 	-7.92667e-13
3.71686 	-1.47614e-12
3.72186 	-2.15962e-12
3.72686 	-2.8431e-12
3.73187 	-3.52658e-12
3.73687 	-4.21006e-12
3.74187 	-4.89353e-12
3.74687 	-5.57701e-12
3.75188 	-4.27277e-12
3.75688 	3.44349e-13
3.76188 	4.96147e-12
3.76688 	9.57858e-12
3.77189 	1.41957e-11
3.77689 	1.88128e-11
3.78189 	2.34299e-11
3.78689 	2.80471e-11
3.7919 	3.26642e-11
3.7969 	3.72813e-11
3.8019 	2.93059e-11
3.8069 	7.84761e-13
3.81191 	-2.77364e-11
3.81691 	-5.62575e-11
3.82191 	-8.47786e-11
3.82691 	-1.133e-10
3.83192 	-1.41821e-10
3.83692 	-1.70342e-10
3.84192 	-1.98863e-10
3.84692 	-2.27384e-10
3.85193 	-1.83605e-10
3.85693 	-2.43344e-11
3.86193 	1.34937e-10
3.86693 	2.94208e-10
3.87194 	4.53478e-10
3.87694 	6.12749e-10
3.88194 	7.7202e-10
3.88694 	9.31291e-10
3.89195 	1.09056e-09
3.89695 	1.24983e-09
3.90195 	1.03826e-09
3.90695 	2.46659e-10
3.91196 	-5.44945e-10
3.91696 	-1.33655e-09
3.92196 	-2.12815e-09
3.92696 	-2.91976e-09
3.93197 	-3.71136e-09
3.93697 	-4.50297e-09
3.94197 	-5.29457e-09
3.94697 	-6.08617e-09
3.95198 	-5.21304e-09
3.95698 	-1.79012e-09
3.96198 	1.6328e-09
3.96698 	5.05572e-09
3.97199 	8.47864e-09
3.97699 	1.19016e-08
3.98199 	1.53245e-08
3.98699 	1.87474e-08
3.992 	2.21703e-08
3.997 	2.55932e-08
4.002 	2.26831e-08
4.007 	1.02733e-08
4.01201 	-2.13657e-09
4.01701 	-1.45464e-08
4.02201 	-2.69562e-08
4.02701 	-3.9366e-08
4.03202 	-5.17759e-08
4.03702 	-6.41857e-08
4.04202 	-7.65955e-08
4.04702 	-8.90053e-08
4.05203 	-8.21675e-08
4.05703 	-4.70523e-08
4.06203 	-1.19371e-08
4.06703 	2.31781e-08
4.07204 	5.82933e-08
4.07704 	9.34086e-08
4.08204 	1.28524e-07
4.08704 	1.63639e-07
4.09205 	1.98754e-07
4.09705 	2.33869e-07
4.10205 	2.28554e-07
4.10705 	1.6506e-07
4.11206 	1.01565e-07
4.11706 	3.80697e-08
4.12206 	-2.54252e-08
4.12706 	-8.89201e-08
4.13207 	-1.52415e-07
4.13707 	-2.1591e-07
4.14207 	-2.79405e-07
4.14707 	-3.429e-07
4.15208 	-3.81605e-07
4.15708 	-3.85366e-07
4.16208 	-3.89127e-07
4.16708 	-3.92888e-07
4.17209 	-3.96649e-07
4.17709 	-4.0041e-07
4.18209 	-4.04171e-07
4.18709 	-4.07933e-07
4.1921 	-4.11694e-07
4.1971 	-4.15455e-07
4.2021 	-2.2579e-07
4.2071 	2.30986e-07
4.21211 	6.87762e-07
4.21711 	1.14454e-06
4.22211 	1.60131e-06
4.22711 	2.05809e-06
4.23212 	2.51487e-06
4.23712 	2.97164e-06
4.24212 	3.42842e-06
4.24712 	3.88519e-06
4.25213 	3.59256e-06
4.25713 	2.28601e-06
4.26213 	9.79456e-07
4.26713 	-3.27093e-07
4.27214 	-1.63364e-06
4.27714 	-2.94019e-06
4.28214 	-4.24674e-06
4.28714 	-5.55329e-06
4.29215 	-6.85984e-06
4.29715 	-8.16639e-06
4.30215 	-8.84671e-06
4.30715 	-8.6969e-06
4.31216 	-8.5471e-06
4.31716 	-8.3973e-06
4.32216 	-8.24749e-06
4.32716 	-8.09769e-06
4.33217 	-7.94788e-06
4.33717 	-7.79808e-06
4.34217 	-7.64827e-06
4.34717 	-7.49847e-06
4.35218 	-3.91797e-06
4.35718 	4.1185e-06
4.36218 	1.2155e-05
4.36718 	2.01914e-05
4.37219 	2.82279e-05
4.37719 	3.62644e-05
4.38219 	4.43008e-05
4.38719 	5.23373e-05
4.3922 	6.03738e-05
4.3972 	6.84102e-05
4.4022 	6.752e-05
4.4072 	5.52684e-05
4.41221 	4.30169e-05
4.41721 	3.07653e-05
4.42221 	1.85138e-05
4.42721 	6.26225e-06
4.43222 	-5.98929e-06
4.43722 	-1.82408e-05
4.44222 	-3.04924e-05
4.44722 	-4.27439e-05
4.45223 	-6.59422e-05
4.45723 	-0.000102793
4.46223 	-0.000139644
4.46723 	-0.000176495
4.47224 	-0.000213346
4.47724 	-0.000250197
4.48224 	-0.000287048
4.48724 	-0.000323899
4.49225 	-0.00036075
4.49725 	-0.000397601
4.50225 	-0.000379128
4.50725 	-0.000293038
4.51226 	-0.000206947
4.51726 	-0.000120857
4.52226 	-3.47667e-05
4.52726 	5.13236e-05
4.53227 	0.000137414
4.53727 	0.000223504
4.54227 	0.000309595
4.54727 	0.000395685
4.55228 	0.000539089
4.55728 	0.000751143
4.56228 	0.000963198
4.56728 	0.00117525
4.57229 	0.00138731
4.57729 	0.00159936
4.58229 	0.00181141
4.58729 	0.00202347
4.5923 	0.00223552
4.5973 	0.00244758
4.6023 	0.00240523
4.6073 	0.00206423
4.61231 	0.00172323
4.61731 	0.00138223
4.62231 	0.00104123
4.62731 	0.000700235
4.63232 	0.000359237
4.63732 	1.82384e-05
4.64232 	-0.00032276
4.64732 	-0.000663759
4.65233 	-0.0015213
4.65733 	-0.00297314
4.66233 	-0.00442499
4.66733 	-0.00587683
4.67234 	-0.00732867
4.67734 	-0.00878051
4.68234 	-0.0102324
4.68734 	-0.0116842
4.69235 	-0.013136
4.69735 	-0.0145879
4.70235 	-0.0156236
4.70735 	-0.0161901
4.71236 	-0.0167567
4.71736 	-0.0173232
4.72236 	-0.0178897
4.72736 	-0.0184562
4.73237 	-0.0190227
4.73737 	-0.0195893
4.74237 	-0.0201558
4.74737 	-0.0207223
4.75238 	-0.0183451
4.75738 	-0.0127143
4.76238 	-0.00708345
4.76738 	-0.00145264
4.77239 	0.00417817
4.77739 	0.00980898
4.78239 	0.0154398
4.78739 	0.0210706
4.7924 	0.0267014
4.7974 	0.0323322
4.8024 	0.0432326
4.8074 	0.0598417
4.81241 	0.0764507
4.81741 	0.0930598
4.82241 	0.109669
4.82741 	0.126278
4.83242 	0.142887
4.83742 	0.159496
4.84242 	0.176105
4.84742 	0.192714
4.85243 	0.214052
4.85743 	0.240413
4.86243 	0.266773
4.86743 	0.293133
4.87244 	0.319493
4.87744 	0.345853
4.88244 	0.372213
4.88744 	0.398573
4.89245 	0.424933
4.89745 	0.451294
4.90245 	0.478535
4.90745 	0.506693
4.91246 	0.534851
4.91746 	0.56301
4.92246 	0.591168
4.92746 	0.619326
4.93247 	0.647485
4.93747 	0.675643
4.94247 	0.703801
4.94747 	0.731959
4.95248 	0.756497
4.95748 	0.777339
4.96248 	0.798182
4.96748 	0.819025
4.97249 	0.839867
4.97749 	0.86071
4.98249 	0.881553
4.98749 	0.902396
4.9925 	0.923238
4.9975 	0.944081
5.0025 	0.959285
5.0075 	0.96885
5.01251 	0.978416
5.01751 	0.987981
5.02251 	0.997546
5.02751 	1.00711
5.03252 	1.01668
5.03752 	1.02624
5.04252 	1.03581
5.04752 	1.04537
5.05253 	1.05049
5.05753 	1.05124
5.06253 	1.05199
5.06753 	1.05274
5.07254 	1.05349
5.07754 	1.05425
5.08254 	1.055
5.08754 	1.05575
5.09255 	1.0565
5.09755 	1.05725
5.10255 	1.05619
5.10755 	1.05338
5.11256 	1.05057
5.11756 	1.04776
5.12256 	1.04494
5.12756 	1.04213
5.13257 	1.03932
5.13757 	1.03651
5.14257 	1.0337
5.14757 	1.03089
5.15258 	1.02825
5.15758 	1.02579
5.16258 	1.02332
5.16758 	1.02085
5.17259 	1.01839
5.17759 	1.01592
5.18259 	1.01345
5.18759 	1.01099
5.1926 	1.00852
5.1976 	1.00605
5.2026 	1.00437
5.2076 	1.00343
5.21261 	1.00248
5.21761 	1.00153
5.22261 	1.00058
5.22761 	0.999636
5.23262 	0.998688
5.23762 	0.99774
5.24262 	0.996793
5.24762 	0.995845
5.25263 	0.995421
5.25763 	0.99547
5.26263 	0.99552
5.26763 	0.995569
5.27264 	0.995619
5.27764 	0.995668
5.28264 	0.995718
5.28764 	0.995767
5.29265 	0.995817
5.29765 	0.995866
5.30265 	0.996036
5.30765 	0.996311
5.31266 	0.996587
5.31766 	0.996863
5.32266 	0.997139
5.32766 	0.997415
5.33267 	0.99769
5.33767 	0.997966
5.34267 	0.998242
5.34767 	0.998518
5.35268 	0.998723
5.35768 	0.998866
5.36268 	0.99901
5.36768 	0.999153
5.37269 	0.999296
5.37769 	0.99944
5.38269 	0.999583
5.38769 	0.999727
5.3927 	0.99987
5.3977 	1.00001
5.4027 	1.0001
5.4077 	1.00013
5.41271 	1.00016
5.41771 	1.0002
5.42271 	1.00023
5.42771 	1.00027
5.43272 	1.0003
5.43772 	1.00033
5.44272 	1.00037
5.44772 	1.0004
5.45273 	1.00042
5.45773 	1.00044
5.46273 	1.00046
5.46773 	1.00047
5.47274 	1.00049
5.47774 	1.0005
5.48274 	1.00052
5.48774 	1.00053
5.49275 	1.00055
5.49775 	1.00056
5.50275 	1.00052
5.50775 	1.00041
5.51276 	1.00031
5.51776 	1.00021
5.52276 	1.00011
5.52776 	1.00001
5.53277 	0.99991
5.53777 	0.999809
5.54277 	0.999708
5.54777 	0.999606
5.55278 	0.999442
5.55778 	0.999227
5.56278 	0.999012
5.56778 	0.998797
5.57279 	0.998582
5.57779 	0.998367
5.58279 	0.998152
5.58779 	0.997937
5.5928 	0.997722
5.5978 	0.997507
5.6028 	0.997604
5.6078 	0.997946
5.61281 	0.998288
5.61781 	0.998631
5.62281 	0.998973
5.62781 	0.999316
5.63282 	0.999658
5.63782 	1
5.64282 	1.00034
5.64782 	1.00069
5.65283 	1.00166
5.65783 	1.00311
5.66283 	1.00456
5.66783 	1.00601
5.67284 	1.00747
5.67784 	1.00892
5.68284 	1.01037
5.68784 	1.01183
5.69285 	1.01328
5.69785 	1.01473
5.70285 	1.01568
5.70785 	1.01625
5.71286 	1.01681
5.71786 	1.01738
5.72286 	1.01795
5.72786 	1.01851
5.73287 	1.01908
5.73787 	1.01965
5.74287 	1.02021
5.74787 	1.02078
5.75288 	1.01778
5.75788 	1.01215
5.76288 	1.00652
5.76788 	1.00089
5.77289 	0.99526
5.77789 	0.989629
5.78289 	0.983998
5.78789 	0.978367
5.7929 	0.972736
5.7979 	0.967105
5.8029 	0.955107
5.8079 	0.938498
5.81291 	0.921889
5.81791 	0.90528
5.82291 	0.888671
5.82791 	0.872062
5.83292 	0.855452
5.83792 	0.838843
5.84292 	0.822234
5.84792 	0.805625
5.85293 	0.783312
5.85793 	0.756951
5.86293 	0.730591
5.86793 	0.704231
5.87294 	0.677871
5.87794 	0.651511
5.88294 	0.625151
5.88794 	0.598791
5.89295 	0.572431
5.89795 	0.54607
5.90295 	0.518649
5.90795 	0.490491
5.91296 	0.462333
5.91796 	0.434174
5.92296 	0.406016
5.92796 	0.377858
5.93297 	0.3497
5.93797 	0.321541
5.94297 	0.293383
5.94797 	0.265225
5.95298 	0.241419
5.95798 	0.220576
5.96298 	0.199734
5.96798 	0.178891
5.97299 	0.158048
5.97799 	0.137206
5.98299 	0.116363
5.98799 	0.0955201
5.993 	0.0746774
5.998 	0.0538347
6.003 	0.0397584
6.008 	0.0301932
6.01301 	0.0206279
6.01801 	0.0110626
6.02301 	0.00149738
6.02801 	-0.00806789
6.03302 	-0.0176332
6.03802 	-0.0271984
6.04302 	-0.0367637
6.04802 	-0.0463289
6.05303 	-0.0505621
6.05803 	-0.051314
6.06303 	-0.0520659
6.06803 	-0.0528178
6.07304 	-0.0535697
6.07804 	-0.0543216
6.08304 	-0.0550736
6.08804 	-0.0558255
6.09305 	-0.0565774
6.09805 	-0.0573293
6.10305 	-0.0559077
6.10805 	-0.0530964
6.11306 	-0.0502852
6.11806 	-0.047474
6.12306 	-0.0446628
6.12806 	-0.0418515
6.13307 	-0.0390403
6.13807 	-0.0362291
6.14307 	-0.0334178
6.14807 	-0.0306066
6.15308 	-0.0280071
6.15808 	-0.0255401
6.16308 	-0.023073
6.16808 	-0.020606
6.17309 	-0.018139
6.17809 	-0.015672
6.18309 	-0.013205
6.18809 	-0.0107379
6.1931 	-0.00827092
6.1981 	-0.0058039
6.2031 	-0.00427917
6.2081 	-0.00333197
6.21311 	-0.00238476
6.21811 	-0.00143756
6.22311 	-0.000490356
6.22811 	0.000456848
6.23312 	0.00140405
6.23812 	0.00235125
6.24312 	0.00329846
6.24812 	0.00424566
6.25313 	0.00457076
6.25813 	0.0045226
6.26313 	0.00447443
6.26813 	0.00442627
6.27314 	0.00437811
6.27814 	0.00432994
6.28314 	0.00428178
6.28814 	0.00423362
6.29315 	0.00418545
6.29815 	0.00413729
6.30315 	0.00394561
6.30815 	0.00366966
6.31316 	0.0033937
6.31816 	0.00311775
6.32316 	0.00284179
6.32816 	0.00256583
6.33317 	0.00228988
6.33817 	0.00201392
6.34317 	0.00173796
6.34817 	0.00146201
6.35318 	0.00126513
6.35818 	0.0011137
6.36318 	0.000962281
6.36818 	0.000810858
6.37319 	0.000659434
6.37819 	0.000508011
6.38319 	0.000356587
6.38819 	0.000205164
6.3932 	5.374e-05
6.3982 	-9.76835e-05
6.4032 	-0.000165909
6.4082 	-0.000187334
6.41321 	-0.00020876
6.41821 	-0.000230186
6.42321 	-0.000251612
6.42821 	-0.000273038
6.43322 	-0.000294464
6.43822 	-0.00031589
6.44322 	-0.000337315
6.44822 	-0.000358741
6.45323 	-0.00035263
6.45823 	-0.000331362
6.46323 	-0.000310094
6.46823 	-0.000288826
6.47324 	-0.000267559
6.47824 	-0.000246291
6.48324 	-0.000225023
6.48824 	-0.000203755
6.49325 	-0.000182488
6.49825 	-0.00016122
6.50325 	-0.000144041
6.50825 	-0.000129065
6.51326 	-0.000114088
6.51826 	-9.91114e-05
6.52326 	-8.41347e-05
6.52826 	-6.9158e-05
6.53327 	-5.41813e-05
6.53827 	-3.92046e-05
6.54327 	-2.4228e-05
6.54827 	-9.25128e-06
6.55328 	-2.11638e-06
6.55828 	8.88116e-07
6.56328 	3.89261e-06
6.56828 	6.8971e-06
6.57329 	9.9016e-06
6.57829 	1.29061e-05
6.58329 	1.59106e-05
6.58829 	1.89151e-05
6.5933 	2.19196e-05
6.5983 	2.49241e-05
6.6033 	2.50262e-05
6.6083 	2.36333e-05
6.61331 	2.22403e-05
6.61831 	2.08474e-05
6.62331 	1.94544e-05
6.62831 	1.80614e-05
6.63332 	1.66685e-05
6.63832 	1.52755e-05
6.64332 	1.38825e-05
6.64832 	1.24896e-05
6.65333 	1.12715e-05
6.65833 	1.01415e-05
6.66333 	9.01148e-06
6.66833 	7.88148e-06
6.67334 	6.75149e-06
6.67834 	5.62149e-06
6.68334 	4.49149e-06
6.68834 	3.36149e-06
6.69335 	2.2315e-06
6.69835 	1.1015e-06
6.70335 	5.71352e-07
6.70835 	3.36653e-07
6.71336 	1.01955e-07
6.71836 	-1.32744e-07
6.72336 	-3.67443e-07
6.72836 	-6.02141e-07
6.73337 	-8.3684e-07
6.73837 	-1.07154e-06
6.74337 	-1.30624e-06
6.74837 	-1.54094e-06
6.75338 	-1.5576e-06
6.75838 	-1.46929e-06
6.76338 	-1.38097e-06
6.76838 	-1.29266e-06
6.77339 	-1.20434e-06
6.77839 	-1.11603e-06
6.78339 	-1.02771e-06
6.78839 	-9.39397e-07
6.7934 	-8.51083e-07
6.7984 	-7.62768e-07
6.8034 	-6.86918e-07
6.8084 	-6.16935e-07
6.81341 	-5.46951e-07
6.81841 	-4.76967e-07
6.82341 	-4.06983e-07
6.82841 	-3.37e-07
6.83342 	-2.67016e-07
6.83842 	-1.97032e-07
6.84342 	-1.27049e-07
6.84842 	-5.7065e-08
6.85343 	-2.63532e-08
6.85843 	-1.37006e-08
6.86343 	-1.04807e-09
6.86843 	1.16045e-08
6.87344 	2.4257e-08
6.87844 	3.69096e-08
6.88344 	4.95621e-08
6.88844 	6.22147e-08
6.89345 	7.48672e-08
6.89845 	8.75198e-08
6.90345 	8.76396e-08
6.90845 	8.21288e-08
6.91346 	7.66181e-08
6.91846 	7.11073e-08
6.92346 	6.55965e-08
6.92846 	6.00857e-08
6.93347 	5.4575e-08
6.93847 	4.90642e-08
6.94347 	4.35534e-08
6.94847 	3.80426e-08
6.95348 	3.38382e-08
6.95848 	3.0207e-08
6.96348 	2.65758e-08
6.96848 	2.29446e-08
6.97349 	1.93134e-08
6.97849 	1.56822e-08
6.98349 	1.2051e-08
6.98849 	8.41981e-09
6.9935 	4.78861e-09
6.9985 	1.15742e-09
7.0035 	-2.60276e-10
7.0085 	-7.29331e-10
7.01351 	-1.19839e-09
7.01851 	-1.66744e-09
7.02351 	-2.13649e-09
7.02851 	-2.60555e-09
7.03352 	-3.0746e-09
7.03852 	-3.54366e-09
7.04352 	-4.01271e-09
7.04852 	-4.48177e-09
7.05353 	-4.3968e-09
7.05853 	-4.08001e-09
7.06353 	-3.76323e-09
7.06853 	-3.44644e-09
7.07354 	-3.12965e-09
7.07854 	-2.81286e-09
7.08354 	-2.49607e-09
7.08854 	-2.17928e-09
7.09355 	-1.86249e-09
7.09855 	-1.54571e-09
7.10355 	-1.34257e-09
7.10855 	-1.18585e-09
7.11356 	-1.02913e-09
7.11856 	-8.72409e-10
7.12356 	-7.15689e-10
7.12856 	-5.5897e-10
7.13357 	-4.02251e-10
7.13857 	-2.45531e-10
7.14357 	-8.88122e-11
7.14857 	6.79071e-11
7.15358 	1.1898e-10
7.15858 	1.27943e-10
7.16358 	1.36905e-10
7.16858 	1.45868e-10
7.17359 	1.5483e-10
7.17859 	1.63793e-10
7.18359 	1.72755e-10
7.18859 	1.81718e-10
7.1936 	1.9068e-10
7.1986 	1.99643e-10
7.2036 	1.90839e-10
7.2086 	1.75127e-10
7.21361 	1.59414e-10
7.21861 	1.43702e-10
7.22361 	1.2799e-10
7.22861 	1.12277e-10
7.23362 	9.65649e-11
7.23862 	8.08525e-11
7.24362 	6.51402e-11
7.24862 	4.94278e-11
7.25363 	4.11361e-11
7.25863 	3.56591e-11
7.26363 	3.01821e-11
7.26863 	2.47051e-11
7.27364 	1.92282e-11
7.27864 	1.37512e-11
7.28364 	8.27421e-12
7.28864 	2.79723e-12
7.29365 	-2.67974e-12
7.29865 	-8.15672e-12
7.30365 	-9.47367e-12
7.30865 	-9.25197e-12
7.31366 	-9.03027e-12
7.31866 	-8.80857e-12
7.32366 	-8.58687e-12
7.32866 	-8.36517e-12
7.33367 	-8.14347e-12
7.33867 	-7.92178e-12
7.34367 	-7.70008e-12
7.34867 	-7.47838e-12
7.35368 	-6.94415e-12
7.35868 	-6.29723e-12
7.36368 	-5.65032e-12
7.36868 	-5.0034e-12
7.37369 	-4.35649e-12
7.37869 	-3.70958e-12
7.38369 	-3.06266e-12
7.38869 	-2.41575e-12
7.3937 	-1.76883e-12
7.3987 	-1.12192e-12
7.4037 	-8.45667e-13
7.4087 	-6.99646e-13
7.41371 	-5.53625e-13
7.41871 	-4.07604e-13
7.42371 	-2.61583e-13
7.42871 	-1.15563e-13
7.43372 	3.04583e-14
7.43872 	1.76479e-13
7.44372 	3.225e-13
7.44872 	4.68521e-13
7.45373 	4.84501e-13
7.45873 	4.55971e-13
7.46373 	4.27441e-13
7.46873 	3.9891e-13
7.47374 	3.7038e-13
7.47874 	3.4185e-13
7.48374 	3.1332e-13
7.48874 	2.84789e-13
7.49375 	2.56259e-13
7.49875 	2.27729e-13
7.50375 	2.04436e-13
7.50875 	1.82888e-13
7.51376 	1.61341e-13
7.51876 	1.39793e-13
7.52376 	1.18245e-13
7.52876 	9.66979e-14
7.53377 	7.51504e-14
7.53877 	5.36028e-14
7.54377 	3.20553e-14
7.54877 	1.05077e-14
7.55378 	3.36418e-15
7.55878 	8.94747e-16
7.56378 	-1.57468e-15
7.56878 	-4.04411e-15
7.57379 	-6.51354e-15
7.57879 	-8.98297e-15
7.58379 	-1.14524e-14
7.58879 	-1.39218e-14
7.5938 	-1.63913e-14
7.5988 	-1.88607e-14
7.6038 	-1.8355e-14
7.6088 	-1.69097e-14
7.61381 	-1.54645e-14
7.61881 	-1.40192e-14
7.62381 	-1.2574e-14
7.62881 	-1.11288e-14
7.63382 	-9.68352e-15
7.63882 	-8.23828e-15
7.64382 	-6.79304e-15
7.64882 	-5.3478e-15
7.65383 	-4.57879e-15
7.65883 	-4.01752e-15
7.66383 	-3.45625e-15
7.66883 	-2.89498e-15
7.67384 	-2.33371e-15
7.67884 	-1.77244e-15
7.68384 	-1.21117e-15
7.68884 	-6.49894e-16
7.69385 	-8.86234e-17
7.69885 	4.72648e-16
7.70385 	5.99454e-16
7.70885 	5.96486e-16
7.71386 	5.93517e-16
7.71886 	5.90549e-16
7.72386 	5.8758e-16
7.72886 	5.84612e-16
7.73387 	5.81644e-16
7.73887 	5.78675e-16
7.74387 	5.75707e-16
7.74887 	5.72738e-16
7.75388 	5.33376e-16
7.75888 	4.83447e-16
7.76388 	4.33519e-16
7.76888 	3.8359e-16
7.77389 	3.33662e-16
7.77889 	2.83733e-16
7.78389 	2.33805e-16
7.78889 	1.83876e-16
7.7939 	1.33948e-16
7.7989 	8.40194e-17
7.8039 	6.48123e-17
7.8089 	5.42702e-17
7.81391 	4.37282e-17
7.81891 	3.31861e-17
7.82391 	2.2644e-17
7.82891 	1.2102e-17
7.83392 	1.5599e-18
7.83892 	-8.98217e-18
7.84392 	-1.95242e-17
7.84892 	-3.00663e-17
7.85393 	-3.07933e-17
7.85893 	-2.88321e-17
7.86393 	-2.68709e-17
7.86893 	-2.49098e-17
7.87394 	-2.29486e-17
7.87894 	-2.09874e-17
7.88394 	-1.90262e-17
7.88894 	-1.7065e-17
7.89395 	-1.51038e-17
7.89895 	-1.31427e-17
7.90395 	-1.17251e-17
7.90895 	-1.04521e-17
7.91396 	-9.17914e-18
7.91896 	-7.90614e-18
7.92396 	-6.63314e-18
7.92896 	-5.36014e-18
7.93397 	-4.08714e-18
7.93897 	-2.81414e-18
7.94397 	-1.54114e-18
7.94897 	-2.68143e-19
7.95398 	7.28941e-20
7.95898 	1.73614e-19
7.96398 	2.74334e-19
7.96898 	3.75055e-19
7.97399 	4.75775e-19
7.97899 	5.76495e-19
7.98399 	6.77215e-19
7.98899 	7.77935e-19
7.994 	8.78656e-19
7.999 	9.79376e-19
8.004 	9.35275e-19
8.009 	8.54969e-19
8.01401 	7.74662e-19
8.01901 	6.94356e-19
8.02401 	6.1405e-19
8.02901 	5.33744e-19
8.03402 	4.53438e-19
8.03902 	3.73131e-19
8.04402 	2.92825e-19
8.04902 	2.12519e-19
8.05403 	1.77976e-19
8.05903 	1.54519e-19
8.06403 	1.31061e-19
8.06903 	1.07604e-19
8.07404 	8.41465e-20
8.07904 	6.06891e-20
8.08404 	3.72317e-20
8.08904 	1.37743e-20
8.09405 	-9.68306e-21
8.09905 	-3.31405e-20
8.10405 	-3.63087e-20
8.10905 	-3.47177e-20
8.11406 	-3.31268e-20
8.11906 	-3.15358e-20
8.12406 	-2.99448e-20
8.12906 	-2.83539e-20
8.13407 	-2.67629e-20
8.13907 	-2.5172e-20
8.14407 	-2.3581e-20
8.14907 	-2.199e-20
8.15408 	-2.00319e-20
8.15908 	-1.79905e-20
8.16408 	-1.5949e-20
8.16908 	-1.39076e-20
8.17409 	-1.18661e-20
8.17909 	-9.82466e-21
8.18409 	-7.7832e-21
8.18909 	-5.74175e-21
8.1941 	-3.70029e-21
8.1991 	-1.65884e-21
8.2041 	-1.07769e-21
8.2091 	-8.171e-22
8.21411 	-5.56509e-22
8.21911 	-2.95917e-22
8.22411 	-3.53253e-23
8.22911 	2.25266e-22
8.23412 	4.85858e-22
8.23912 	7.4645e-22
8.24412 	1.00704e-21
8.24912 	1.26763e-21
8.25413 	1.23171e-21
8.25913 	1.13288e-21
8.26413 	1.03406e-21
8.26913 	9.35233e-22
8.27414 	8.36409e-22
8.27914 	7.37585e-22
8.28414 	6.3876e-22
8.28914 	5.39936e-22
8.29415 	4.41112e-22
8.29915 	3.42287e-22
8.30415 	2.95704e-22
8.30915 	2.59821e-22
8.31416 	2.23938e-22
8.31916 	1.88055e-22
8.32416 	1.52172e-22
8.32916 	1.16289e-22
8.33417 	8.04056e-23
8.33917 	4.45225e-23
8.34417 	8.63941e-24
8.34917 	-2.72437e-23
8.35418 	-3.27114e-23
8.35918 	-3.21688e-23
8.36418 	-3.16263e-23
8.36918 	-3.10837e-23
8.37419 	-3.05412e-23
8.37919 	-2.99986e-23
8.38419 	-2.94561e-23
8.38919 	-2.89135e-23
8.3942 	-2.8371e-23
8.3992 	-2.78284e-23
8.4042 	-2.5621e-23
8.4092 	-2.30965e-23
8.41421 	-2.05719e-23
8.41921 	-1.80474e-23
8.42421 	-1.55228e-23
8.42921 	-1.29983e-23
8.43422 	-1.04738e-23
8.43922 	-7.94921e-24
8.44422 	-5.42467e-24
8.44922 	-2.90013e-24
8.45423 	-2.17893e-24
8.45923 	-1.78852e-24
8.46423 	-1.39811e-24
8.46923 	-1.0077e-24
8.47424 	-6.17292e-25
8.47924 	-2.26884e-25
8.48424 	1.63525e-25
8.48924 	5.53934e-25
8.49425 	9.44342e-25
8.49925 	1.33475e-24
8.50425 	1.308e-24
8.50925 	1.20764e-24
8.51426 	1.10727e-24
8.51926 	1.00691e-24
8.52426 	9.06542e-25
8.52926 	8.06177e-25
8.53427 	7.05812e-25
8.53927 	6.05447e-25
8.54427 	5.05082e-25
8.54927 	4.04717e-25
8.55428 	3.54654e-25
8.55928 	3.13122e-25
8.56428 	2.7159e-25
8.56928 	2.30057e-25
8.57429 	1.88525e-25
8.57929 	1.46993e-25
8.58429 	1.0546e-25
8.58929 	6.3928e-26
8.5943 	2.23957e-26
8.5993 	-1.91366e-26
8.6043 	-2.52331e-26
8.6093 	-2.5561e-26
8.61431 	-2.58888e-26
8.61931 	-2.62167e-26
8.62431 	-2.65446e-26
8.62931 	-2.68724e-26
8.63432 	-2.72003e-26
8.63932 	-2.75281e-26
8.64432 	-2.7856e-26
8.64932 	-2.81839e-26
8.65433 	-2.60358e-26
8.65933 	-2.35014e-26
8.66433 	-2.0967e-26
8.66933 	-1.84325e-26
8.67434 	-1.58981e-26
8.67934 	-1.33636e-26
8.68434 	-1.08292e-26
8.68934 	-8.29476e-27
8.69435 	-5.76032e-27
8.69935 	-3.22589e-27
8.70435 	-2.53522e-27
8.70935 	-2.12005e-27
8.71436 	-1.70489e-27
8.71936 	-1.28972e-27
8.72436 	-8.74561e-28
8.72936 	-4.59398e-28
8.73437 	-4.42339e-29
8.73937 	3.7093e-28
8.74437 	7.86093e-28
8.74937 	1.20126e-27
8.75438 	1.17515e-27
8.75938 	1.08601e-27
8.76438 	9.96872e-28
8.76938 	9.07731e-28
8.77439 	8.18589e-28
8.77939 	7.29448e-28
8.78439 	6.40307e-28
8.78939 	5.51166e-28
8.7944 	4.62025e-28
8.7994 	3.72884e-28
8.8044 	3.2863e-28
8.8094 	2.90497e-28
8.81441 	2.52364e-28
8.81941 	2.1423e-28
8.82441 	1.76097e-28
8.82941 	1.37964e-28
8.83442 	9.9831e-29
8.83942 	6.16978e-29
8.84442 	2.35647e-29
8.84942 	-1.45685e-29
8.85443 	-1.93678e-29
8.85943 	-1.98356e-29
8.86443 	-2.03034e-29
8.86943 	-2.07713e-29
8.87444 	-2.12391e-29
8.87944 	-2.17069e-29
8.88444 	-2.21748e-29
8.88944 	-2.26426e-29
8.89445 	-2.31104e-29
8.89945 	-2.35782e-29
8.90445 	-2.17359e-29
8.90945 	-1.9608e-29
8.91446 	-1.74802e-29
8.91946 	-1.53523e-29
8.92446 	-1.32244e-29
8.92946 	-1.10966e-29
8.93447 	-8.96872e-30
8.93947 	-6.84086e-30
8.94447 	-4.713e-30
8.94947 	-2.58513e-30
8.95448 	-2.06237e-30
8.95948 	-1.72792e-30
8.96448 	-1.39347e-30
8.96948 	-1.05902e-30
8.97449 	-7.24568e-31
8.97949 	-3.90117e-31
8.98449 	-5.56648e-32
8.98949 	2.78787e-31
8.9945 	6.13239e-31
8.9995 	9.4769e-31
9.0045 	9.16982e-31
9.0095 	8.457e-31
9.01451 	7.74418e-31
9.01951 	7.03137e-31
9.02451 	6.31855e-31
9.02951 	5.60573e-31
9.03452 	4.89291e-31
9.03952 	4.1801e-31
9.04452 	3.46728e-31
9.04952 	2.75446e-31
9.05453 	2.42917e-31
9.05953 	2.14456e-31
9.06453 	1.85995e-31
9.06953 	1.57534e-31
9.07454 	1.29073e-31
9.07954 	1.00612e-31
9.08454 	7.21509e-32
9.08954 	4.36899e-32
9.09455 	1.52289e-32
9.09955 	-1.32321e-32
9.10455 	-1.58623e-32
9.10955 	-1.59378e-32
9.11456 	-1.60133e-32
9.11956 	-1.60888e-32
9.12456 	-1.61643e-32
9.12956 	-1.62398e-32
9.13457 	-1.63153e-32
9.13957 	-1.63908e-32
9.14457 	-1.64663e-32
9.14957 	-1.65418e-32
9.15458 	-1.51625e-32
9.15958 	-1.3648e-32
9.16458 	-1.21336e-32
9.16958 	-1.06191e-32
9.17459 	-9.10466e-33
9.17959 	-7.59022e-33
9.18459 	-6.07577e-33
9.18959 	-4.56132e-33
9.1946 	-3.04687e-33
9.1996 	-1.53242e-33
9.2046 	-1.21946e-33
9.2096 	-1.01098e-33
9.21461 	-8.02497e-34
9.21961 	-5.94015e-34
9.22461 	-3.85533e-34
9.22961 	-1.77051e-34
9.23462 	3.14308e-35
9.23962 	2.39913e-34
9.24462 	4.48395e-34
9.24962 	6.56876e-34
9.25463 	6.25204e-34
9.25963 	5.74059e-34
9.26463 	5.22914e-34
9.26963 	4.71769e-34
9.27464 	4.20624e-34
9.27964 	3.6948e-34
9.28464 	3.18335e-34
9.28964 	2.6719e-34
9.29465 	2.16045e-34
9.29965 	1.649e-34
9.30465 	1.45096e-34
9.30965 	1.27651e-34
9.31466 	1.10206e-34
9.31966 	9.2761e-35
9.32466 	7.53159e-35
9.32966 	5.78708e-35
9.33467 	4.04257e-35
9.33967 	2.29806e-35
9.34467 	5.53552e-36
9.34967 	-1.19096e-35
9.35468 	-1.27352e-35
9.35968 	-1.24054e-35
9.36468 	-1.20756e-35
9.36968 	-1.17458e-35
9.37469 	-1.14161e-35
9.37969 	-1.10863e-35
9.38469 	-1.07565e-35
9.38969 	-1.04267e-35
9.3947 	-1.00969e-35
9.3997 	-9.76717e-36
9.4047 	-8.88666e-36
9.4097 	-7.97098e-36
9.41471 	-7.05531e-36
9.41971 	-6.13964e-36
9.42471 	-5.22397e-36
9.42971 	-4.3083e-36
9.43472 	-3.39263e-36
9.43972 	-2.47696e-36
9.44472 	-1.56129e-36
9.44972 	-6.45616e-37
9.45473 	-5.01125e-37
9.45973 	-4.01518e-37
9.46473 	-3.0191e-37
9.46973 	-2.02303e-37
9.47474 	-1.02696e-37
9.47974 	-3.08844e-39
9.48474 	9.65189e-38
9.48974 	1.96126e-37
9.49475 	2.95734e-37
9.49975 	3.95341e-37
9.50475 	3.69713e-37
9.50975 	3.37494e-37
9.51476 	3.05275e-37
9.51976 	2.73056e-37
9.52476 	2.40837e-37
9.52976 	2.08617e-37
9.53477 	1.76398e-37
9.53977 	1.44179e-37
9.54477 	1.1196e-37
9.54977 	7.97409e-38
9.55478 	6.99093e-38
9.55978 	6.11325e-38
9.56478 	5.23557e-38
9.56978 	4.3579e-38
9.57479 	3.48022e-38
9.57979 	2.60255e-38
9.58479 	1.72487e-38
9.58979 	8.47198e-39
9.5948 	-3.04775e-40
9.5998 	-9.08153e-39
9.6048 	-8.98925e-39
9.6098 	-8.52742e-39
9.61481 	-8.0656e-39
9.61981 	-7.60378e-39
9.62481 	-7.14195e-39
9.62981 	-6.68013e-39
9.63482 	-6.2183e-39
9.63982 	-5.75648e-39
9.64482 	-5.29466e-39
9.64982 	-4.83283e-39
9.65483 	-4.36503e-39
9.65983 	-3.89701e-39
9.66483 	-3.429e-39
9.66983 	-2.96098e-39
9.67484 	-2.49296e-39
9.67984 	-2.02494e-39
9.68484 	-1.55692e-39
9.68984 	-1.0889e-39
9.69485 	-6.20885e-40
9.69985 	-1.52867e-40
9.70485 	-1.05533e-40
9.70985 	-7.12091e-41
9.71486 	-3.68857e-41
9.71986 	-2.56236e-42
9.72486 	3.1761e-41
9.72986 	6.60844e-41
9.73487 	1.00408e-40
9.73987 	1.34731e-40
9.74487 	1.69055e-40
9.74987 	2.03378e-40
9.75488 	1.87254e-40
9.75988 	1.69837e-40
9.76488 	1.5242e-40
9.76988 	1.35003e-40
9.77489 	1.17586e-40
9.77989 	1.00169e-40
9.78489 	8.27519e-41
9.78989 	6.53348e-41
9.7949 	4.79177e-41
9.7999 	3.05006e-41
9.8049 	2.66417e-41
9.8099 	2.30594e-41
9.81491 	1.94772e-41
9.81991 	1.58949e-41
9.82491 	1.23126e-41
9.82991 	8.73037e-42
9.83492 	5.1481e-42
9.83992 	1.56584e-42
9.84492 	-2.01643e-42
9.84992 	-5.59869e-42
9.85493 	-5.29037e-42
9.85993 	-4.92279e-42
9.86493 	-4.55522e-42
9.86993 	-4.18765e-42
9.87494 	-3.82007e-42
9.87994 	-3.4525e-42
9.88494 	-3.08492e-42
9.88994 	-2.71735e-42
9.89495 	-2.34978e-42
9.89995 	-1.9822e-42
9.90495 	-1.78057e-42
9.90995 	-1.58062e-42
9.91496 	-1.38067e-42
9.91996 	-1.18071e-42
9.92496 	-9.80761e-43
9.92996 	-7.80808e-43
9.93497 	-5.80855e-43
9.93997 	-3.80902e-43
9.94497 	-1.80949e-43
9.94997 	1.90042e-44
9.95498 	3.2645e-44
9.95998 	4.53495e-44
9.96498 	5.8054e-44
9.96998 	7.07584e-44
9.97499 	8.34629e-44
9.97999 	9.61674e-44
9.98499 	1.08872e-43
9.98999 	1.21576e-43
9.995 	1.34281e-43
10 	1.46985e-43
