0 	0
0.0050025 	0
0.010005 	0
0.0150075 	0
0.02001 	0
0.0250125 	0
0.030015 	0
0.0350175 	0
0.04002 	0
0.0450225 	0
0.050025 	0
0.0550275 	0
0.06003 	0
0.0650325 	0
0.070035 	0
0.0750375 	0
0.08004 	0
0.0850425 	0
0.090045 	0
0.0950475 	0
0.10005 	0
0.105053 	0
0.110055 	0
0.115058 	0
0.12006 	0
0.125063 	0
0.130065 	0
0.135068 	0
0.14007 	0
0.145073 	0
0.150075 	0
0.155078 	0
0.16008 	0
0.165083 	0
0.170085 	0
0.175088 	0
0.18009 	0
0.185093 	0
0.190095 	0
0.195098 	0
0.2001 	0
0.205103 	0
0.210105 	0
0.215108 	0
0.22011 	0
0.225113 	0
0.230115 	0
0.235118 	0
0.24012 	0
0.245123 	0
0.250125 	0
0.255128 	0
0.26013 	0
0.265133 	0
0.270135 	0
0.275138 	0
0.28014 	0
0.285143 	0
0.290145 	0
0.295148 	0
0.30015 	0
0.305153 	0
0.310155 	0
0.315158 	0
0.32016 	0
0.325163 	0
0.330165 	0
0.335168 	0
0.34017 	0
0.345173 	0
0.350175 	0
0.355178 	0
0.36018 	0
0.365183 	0
0.370185 	0
0.375188 	0
0.38019 	0
0.385193 	0
0.390195 	0
0.395198 	0
0.4002 	0
0.405203 	0
0.410205 	0
0.415208 	0
0.42021 	0
0.425213 	0
0.430215 	0
0.435218 	0
0.44022 	0
0.445223 	0
0.450225 	0
0.455228 	0
0.46023 	0
0.465233 	0
0.470235 	0
0.475238 	0
0.48024 	0
0.485243 	0
0.490245 	0
0.495248 	0
0.50025 	0
0.505253 	0
0.510255 	0
0.515258 	0
0.52026 	0
0.525263 	0
0.530265 	0
0.535268 	0
0.54027 	0
0.545273 	0
0.550275 	0
0.555278 	0
0.56028 	0
0.565283 	0
0.570285 	0
0.575288 	0
0.58029 	0
0.585293 	0
0.590295 	0
0.595298 	0
0.6003 	0
0.605303 	0
0.610305 	0
0.615308 	0
0.62031 	0
0.625313 	0
0.630315 	0
0.635318 	0
0.64032 	0
0.645323 	0
0.650325 	0
0.655328 	0
0.66033 	0
0.665333 	0
0.670335 	0
0.675338 	0
0.68034 	0
0.685343 	0
0.690345 	0
0.695348 	0
0.70035 	0
0.705353 	0
0.710355 	0
0.715358 	0
0.72036 	0
0.725363 	0
0.730365 	0
0.735368 	0
0.74037 	0
0.745373 	0
0.750375 	0
0.755378 	0
0.76038 	0
0.765383 	0
0.770385 	0
0.775388 	0
0.78039 	0
0.785393 	0
0.790395 	0
0.795398 	0
0.8004 	0
0.805403 	0
0.810405 	0
0.815408 	0
0.82041 	0
0.825413 	0
0.830415 	0
0.835418 	0
0.84042 	0
0.845423 	0
0.850425 	0
0.855428 	0
0.86043 	0
0.865433 	0
0.870435 	0
0.875438 	0
0.88044 	0
0.885443 	0
0.890445 	0
0.895448 	0
0.90045 	0
0.905453 	0
0.910455 	0
0.915458 	0
0.92046 	0
0.925463 	0
0.930465 	0
0.935468 	0
0.94047 	0
0.945473 	0
0.950475 	0
0.955478 	0
0.96048 	0
0.965483 	0
0.970485 	0
0.975488 	0
0.98049 	0
0.985493 	0
0.990495 	0
0.995498 	0
1.0005 	0
1.0055 	0
1.01051 	0
1.01551 	0
1.02051 	0
1.02551 	0
1.03052 	0
1.03552 	0
1.04052 	0
1.04552 	0
1.05053 	0
1.05553 	0
1.06053 	0
1.06553 	0
1.07054 	0
1.07554 	0
1.08054 	0
1.08554 	0
1.09055 	0
1.09555 	0
1.10055 	0
1.10555 	0
1.11056 	0
1.11556 	0
1.12056 	0
1.12556 	0
1.13057 	0
1.13557 	0
1.14057 	0
1.14557 	0
1.15058 	0
1.15558 	0
1.16058 	0
1.16558 	0
1.17059 	0
1.17559 	0
1.18059 	0
1.18559 	0
1.1906 	0
1.1956 	0
1.2006 	0
1.2056 	0
1.21061 	0
1.21561 	0
1.22061 	0
1.22561 	0
1.23062 	0
1.23562 	0
1.24062 	0
1.24562 	0
1.25063 	0
1.25563 	0
1.26063 	0
1.26563 	0
1.27064 	0
1.27564 	0
1.28064 	0
1.28564 	0
1.29065 	0
1.29565 	0
1.30065 	0
1.30565 	0
1.31066 	0
1.31566 	0
1.32066 	0
1.32566 	0
1.33067 	0
1.33567 	0
1.34067 	0
1.34567 	0
1.35068 	0
1.35568 	0
1.36068 	0
1.36568 	0
1.37069 	0
1.37569 	0
1.38069 	0
1.38569 	0
1.3907 	0
1.3957 	0
1.4007 	0
1.4057 	0
1.41071 	0
1.41571 	0
1.42071 	0
1.42571 	0
1.43072 	0
1.43572 	0
1.44072 	0
1.44572 	0
1.45073 	0
1.45573 	0
1.46073 	0
1.46573 	0
1.47074 	0
1.47574 	0
1.48074 	0
1.48574 	0
1.49075 	0
1.49575 	0
1.50075 	0
1.50575 	0
1.51076 	0
1.51576 	0
1.52076 	0
1.52576 	0
1.53077 	0
1.53577 	0
1.54077 	0
1.54577 	0
1.55078 	0
1.55578 	0
1.56078 	0
1.56578 	0
1.57079 	0
1.57579 	0
1.58079 	0
1.58579 	0
1.5908 	0
1.5958 	0
1.6008 	0
1.6058 	0
1.61081 	0
1.61581 	0
1.62081 	0
1.62581 	0
1.63082 	0
1.63582 	0
1.64082 	0
1.64582 	0
1.65083 	0
1.65583 	0
1.66083 	0
1.66583 	0
1.67084 	0
1.67584 	0
1.68084 	0
1.68584 	0
1.69085 	0
1.69585 	0
1.70085 	0
1.70585 	0
1.71086 	0
1.71586 	0
1.72086 	0
1.72586 	0
1.73087 	0
1.73587 	0
1.74087 	0
1.74587 	0
1.75088 	0
1.75588 	0
1.76088 	0
1.76588 	0
1.77089 	0
1.77589 	0
1.78089 	0
1.78589 	0
1.7909 	0
1.7959 	0
1.8009 	0
1.8059 	0
1.81091 	0
1.81591 	0
1.82091 	0
1.82591 	0
1.83092 	0
1.83592 	0
1.84092 	0
1.84592 	0
1.85093 	0
1.85593 	0
1.86093 	0
1.86593 	0
1.87094 	0
1.87594 	0
1.88094 	0
1.88594 	0
1.89095 	0
1.89595 	0
1.90095 	0
1.90595 	0
1.91096 	0
1.91596 	0
1.92096 	0
1.92596 	0
1.93097 	0
1.93597 	0
1.94097 	0
1.94597 	0
1.95098 	0
1.95598 	0
1.96098 	0
1.96598 	0
1.97099 	0
1.97599 	0
1.98099 	0
1.98599 	0
1.991 	0
1.996 	0
2.001 	0
2.006 	0
2.01101 	0
2.01601 	0
2.02101 	0
2.02601 	0
2.03102 	0
2.03602 	0
2.04102 	0
2.04602 	0
2.05103 	0
2.05603 	0
2.06103 	0
2.06603 	0
2.07104 	0
2.07604 	0
2.08104 	0
2.08604 	0
2.09105 	0
2.09605 	0
2.10105 	0
2.10605 	0
2.11106 	0
2.11606 	0
2.12106 	0
2.12606 	0
2.13107 	0
2.13607 	0
2.14107 	0
2.14607 	0
2.15108 	0
2.15608 	0
2.16108 	0
2.16608 	0
2.17109 	0
2.17609 	0
2.18109 	0
2.18609 	0
2.1911 	0
2.1961 	0
2.2011 	0
2.2061 	0
2.21111 	0
2.21611 	0
2.22111 	0
2.22611 	0
2.23112 	0
2.23612 	0
2.24112 	0
2.24612 	0
2.25113 	0
2.25613 	0
2.26113 	0
2.26613 	0
2.27114 	0
2.27614 	0
2.28114 	0
2.28614 	0
2.29115 	0
2.29615 	0
2.30115 	0
2.30615 	0
2.31116 	0
2.31616 	0
2.32116 	0
2.32616 	0
2.33117 	0
2.33617 	0
2.34117 	0
2.34617 	0
2.35118 	0
2.35618 	0
2.36118 	0
2.36618 	0
2.37119 	0
2.37619 	0
2.38119 	0
2.38619 	0
2.3912 	0
2.3962 	0
2.4012 	0
2.4062 	0
2.41121 	0
2.41621 	0
2.42121 	0
2.42621 	0
2.43122 	0
2.43622 	0
2.44122 	0
2.44622 	0
2.45123 	0
2.45623 	0
2.46123 	0
2.46623 	0
2.47124 	0
2.47624 	0
2.48124 	0
2.48624 	0
2.49125 	0
2.49625 	0
2.50125 	0
2.50625 	0
2.51126 	0
2.51626 	0
2.52126 	0
2.52626 	0
2.53127 	0
2.53627 	0
2.54127 	0
2.54627 	0
2.55128 	0
2.55628 	0
2.56128 	0
2.56628 	0
2.57129 	0
2.57629 	0
2.58129 	0
2.58629 	0
2.5913 	0
2.5963 	0
2.6013 	0
2.6063 	0
2.61131 	0
2.61631 	0
2.62131 	0
2.62631 	0
2.63132 	0
2.63632 	0
2.64132 	0
2.64632 	0
2.65133 	0
2.65633 	0
2.66133 	0
2.66633 	0
2.67134 	0
2.67634 	0
2.68134 	0
2.68634 	0
2.69135 	0
2.69635 	0
2.70135 	0
2.70635 	0
2.71136 	0
2.71636 	0
2.72136 	0
2.72636 	0
2.73137 	0
2.73637 	0
2.74137 	0
2.74637 	0
2.75138 	0
2.75638 	0
2.76138 	0
2.76638 	0
2.77139 	0
2.77639 	0
2.78139 	0
2.78639 	0
2.7914 	0
2.7964 	0
2.8014 	0
2.8064 	0
2.81141 	0
2.81641 	0
2.82141 	0
2.82641 	0
2.83142 	0
2.83642 	0
2.84142 	0
2.84642 	0
2.85143 	0
2.85643 	0
2.86143 	0
2.86643 	0
2.87144 	0
2.87644 	0
2.88144 	0
2.88644 	0
2.89145 	0
2.89645 	0
2.90145 	0
2.90645 	0
2.91146 	0
2.91646 	0
2.92146 	0
2.92646 	0
2.93147 	0
2.93647 	0
2.94147 	0
2.94647 	0
2.95148 	0
2.95648 	0
2.96148 	0
2.96648 	0
2.97149 	0
2.97649 	0
2.98149 	0
2.98649 	0
2.9915 	0
2.9965 	0
3.0015 	0
3.0065 	0
3.01151 	0
3.01651 	0
3.02151 	0
3.02651 	0
3.03152 	0
3.03652 	0
3.04152 	0
3.04652 	0
3.05153 	0
3.05653 	0
3.06153 	0
3.06653 	0
3.07154 	0
3.07654 	0
3.08154 	0
3.08654 	0
3.09155 	0
3.09655 	0
3.10155 	0
3.10655 	0
3.11156 	0
3.11656 	0
3.12156 	0
3.12656 	0
3.13157 	0
3.13657 	0
3.14157 	0
3.14657 	0
3.15158 	0
3.15658 	0
3.16158 	0
3.16658 	0
3.17159 	0
3.17659 	0
3.18159 	0
3.18659 	0
3.1916 	0
3.1966 	0
3.2016 	0
3.2066 	0
3.21161 	0
3.21661 	0
3.22161 	0
3.22661 	0
3.23162 	0
3.23662 	0
3.24162 	0
3.24662 	0
3.25163 	0
3.25663 	0
3.26163 	0
3.26663 	0
3.27164 	0
3.27664 	0
3.28164 	0
3.28664 	0
3.29165 	0
3.29665 	0
3.30165 	0
3.30665 	0
3.31166 	0
3.31666 	0
3.32166 	0
3.32666 	0
3.33167 	0
3.33667 	0
3.34167 	0
3.34667 	0
3.35168 	0
3.35668 	0
3.36168 	0
3.36668 	0
3.37169 	0
3.37669 	0
3.38169 	0
3.38669 	0
3.3917 	0
3.3967 	0
3.4017 	0
3.4067 	0
3.41171 	0
3.41671 	0
3.42171 	0
3.42671 	0
3.43172 	0
3.43672 	0
3.44172 	0
3.44672 	0
3.45173 	0
3.45673 	0
3.46173 	0
3.46673 	0
3.47174 	0
3.47674 	0
3.48174 	0
3.48674 	0
3.49175 	0
3.49675 	0
3.50175 	0
3.50675 	0
3.51176 	0
3.51676 	0
3.52176 	0
3.52676 	0
3.53177 	0
3.53677 	0
3.54177 	0
3.54677 	0
3.55178 	0
3.55678 	0
3.56178 	0
3.56678 	0
3.57179 	0
3.57679 	0
3.58179 	0
3.58679 	0
3.5918 	0
3.5968 	0
3.6018 	0
3.6068 	0
3.61181 	0
3.61681 	0
3.62181 	0
3.62681 	0
3.63182 	0
3.63682 	0
3.64182 	0
3.64682 	0
3.65183 	0
3.65683 	0
3.66183 	0
3.66683 	0
3.67184 	0
3.67684 	0
3.68184 	0
3.68684 	0
3.69185 	0
3.69685 	0
3.70185 	0
3.70685 	0
3.71186 	0
3.71686 	0
3.72186 	0
3.72686 	0
3.73187 	0
3.73687 	0
3.74187 	0
3.74687 	0
3.75188 	0
3.75688 	0
3.76188 	0
3.76688 	0
3.77189 	0
3.77689 	0
3.78189 	0
3.78689 	0
3.7919 	0
3.7969 	0
3.8019 	0
3.8069 	0
3.81191 	0
3.81691 	0
3.82191 	0
3.82691 	0
3.83192 	0
3.83692 	0
3.84192 	0
3.84692 	0
3.85193 	0
3.85693 	0
3.86193 	0
3.86693 	0
3.87194 	0
3.87694 	0
3.88194 	0
3.88694 	0
3.89195 	0
3.89695 	0
3.90195 	0
3.90695 	0
3.91196 	0
3.91696 	0
3.92196 	0
3.92696 	0
3.93197 	0
3.93697 	0
3.94197 	0
3.94697 	0
3.95198 	0
3.95698 	0
3.96198 	0
3.96698 	0
3.97199 	0
3.97699 	0
3.98199 	0
3.98699 	0
3.992 	0
3.997 	0
4.002 	0
4.007 	0
4.01201 	0
4.01701 	0
4.02201 	0
4.02701 	0
4.03202 	0
4.03702 	0
4.04202 	0
4.04702 	0
4.05203 	0
4.05703 	0
4.06203 	0
4.06703 	0
4.07204 	0
4.07704 	0
4.08204 	0
4.08704 	0
4.09205 	0
4.09705 	0
4.10205 	0
4.10705 	0
4.11206 	0
4.11706 	0
4.12206 	0
4.12706 	0
4.13207 	0
4.13707 	0
4.14207 	0
4.14707 	0
4.15208 	0
4.15708 	0
4.16208 	0
4.16708 	0
4.17209 	0
4.17709 	0
4.18209 	0
4.18709 	0
4.1921 	0
4.1971 	0
4.2021 	0
4.2071 	0
4.21211 	0
4.21711 	0
4.22211 	0
4.22711 	0
4.23212 	0
4.23712 	0
4.24212 	0
4.24712 	0
4.25213 	0
4.25713 	0
4.26213 	0
4.26713 	0
4.27214 	0
4.27714 	0
4.28214 	0
4.28714 	0
4.29215 	0
4.29715 	0
4.30215 	0
4.30715 	0
4.31216 	0
4.31716 	0
4.32216 	0
4.32716 	0
4.33217 	0
4.33717 	0
4.34217 	0
4.34717 	0
4.35218 	0
4.35718 	0
4.36218 	0
4.36718 	0
4.37219 	0
4.37719 	0
4.38219 	0
4.38719 	0
4.3922 	0
4.3972 	0
4.4022 	0
4.4072 	0
4.41221 	0
4.41721 	0
4.42221 	0
4.42721 	0
4.43222 	0
4.43722 	0
4.44222 	0
4.44722 	0
4.45223 	2.5864e-09
4.45723 	8.39854e-09
4.46223 	1.42107e-08
4.46723 	2.00228e-08
4.47224 	2.5835e-08
4.47724 	3.16471e-08
4.48224 	3.74592e-08
4.48724 	4.32714e-08
4.49225 	4.90835e-08
4.49725 	5.48957e-08
4.50225 	1.02388e-07
4.50725 	2.00824e-07
4.51226 	2.9926e-07
4.51726 	3.97696e-07
4.52226 	4.96132e-07
4.52726 	5.94568e-07
4.53227 	6.93004e-07
4.53727 	7.9144e-07
4.54227 	8.89875e-07
4.54727 	9.88311e-07
4.55228 	1.41999e-06
4.55728 	2.25084e-06
4.56228 	3.08169e-06
4.56728 	3.91253e-06
4.57229 	4.74338e-06
4.57729 	5.57422e-06
4.58229 	6.40507e-06
4.58729 	7.23591e-06
4.5923 	8.06676e-06
4.5973 	8.89761e-06
4.6023 	1.14906e-05
4.6073 	1.61523e-05
4.61231 	2.0814e-05
4.61731 	2.54757e-05
4.62231 	3.01374e-05
4.62731 	3.4799e-05
4.63232 	3.94607e-05
4.63732 	4.41224e-05
4.64232 	4.87841e-05
4.64732 	5.34458e-05
4.65233 	6.50382e-05
4.65733 	8.46047e-05
4.66233 	0.000104171
4.66733 	0.000123738
4.67234 	0.000143304
4.67734 	0.000162871
4.68234 	0.000182437
4.68734 	0.000202004
4.69235 	0.00022157
4.69735 	0.000241137
4.70235 	0.000282316
4.70735 	0.000347867
4.71236 	0.000413418
4.71736 	0.000478969
4.72236 	0.000544521
4.72736 	0.000610072
4.73237 	0.000675623
4.73737 	0.000741174
4.74237 	0.000806725
4.74737 	0.000872277
4.75238 	0.000993441
4.75738 	0.00117607
4.76238 	0.00135871
4.76738 	0.00154134
4.77239 	0.00172397
4.77739 	0.0019066
4.78239 	0.00208923
4.78739 	0.00227187
4.7924 	0.0024545
4.7974 	0.00263713
4.8024 	0.00294106
4.8074 	0.0033764
4.81241 	0.00381173
4.81741 	0.00424707
4.82241 	0.00468241
4.82741 	0.00511775
4.83242 	0.00555308
4.83742 	0.00598842
4.84242 	0.00642376
4.84742 	0.00685909
4.85243 	0.00752294
4.85743 	0.00842942
4.86243 	0.00933591
4.86743 	0.0102424
4.87244 	0.0111489
4.87744 	0.0120554
4.88244 	0.0129618
4.88744 	0.0138683
4.89245 	0.0147748
4.89745 	0.0156813
4.90245 	0.0169645
4.90745 	0.0186398
4.91246 	0.020315
4.91746 	0.0219903
4.92246 	0.0236656
4.92746 	0.0253409
4.93247 	0.0270162
4.93747 	0.0286914
4.94247 	0.0303667
4.94747 	0.032042
4.95248 	0.0342654
4.95748 	0.0370481
4.96248 	0.0398308
4.96748 	0.0426135
4.97249 	0.0453961
4.97749 	0.0481788
4.98249 	0.0509615
4.98749 	0.0537442
4.9925 	0.0565268
4.9975 	0.0593095
5.0025 	0.0627992
5.0075 	0.0669958
5.01251 	0.0711925
5.01751 	0.0753892
5.02251 	0.0795858
5.02751 	0.0837825
5.03252 	0.0879792
5.03752 	0.0921758
5.04252 	0.0963725
5.04752 	0.100569
5.05253 	0.105573
5.05753 	0.111368
5.06253 	0.117163
5.06753 	0.122958
5.07254 	0.128754
5.07754 	0.134549
5.08254 	0.140344
5.08754 	0.146139
5.09255 	0.151934
5.09755 	0.157729
5.10255 	0.164332
5.10755 	0.171711
5.11256 	0.179091
5.11756 	0.18647
5.12256 	0.193849
5.12756 	0.201228
5.13257 	0.208607
5.13757 	0.215987
5.14257 	0.223366
5.14757 	0.230745
5.15258 	0.238813
5.15758 	0.24753
5.16258 	0.256247
5.16758 	0.264963
5.17259 	0.27368
5.17759 	0.282397
5.18259 	0.291114
5.18759 	0.299831
5.1926 	0.308547
5.1976 	0.317264
5.2026 	0.326441
5.2076 	0.336043
5.21261 	0.345645
5.21761 	0.355248
5.22261 	0.36485
5.22761 	0.374452
5.23262 	0.384054
5.23762 	0.393656
5.24262 	0.403258
5.24762 	0.41286
5.25263 	0.422622
5.25763 	0.432531
5.26263 	0.442439
5.26763 	0.452347
5.27264 	0.462255
5.27764 	0.472163
5.28264 	0.482071
5.28764 	0.49198
5.29265 	0.501888
5.29765 	0.511796
5.30265 	0.521549
5.30765 	0.531164
5.31266 	0.54078
5.31766 	0.550396
5.32266 	0.560011
5.32766 	0.569627
5.33267 	0.579242
5.33767 	0.588858
5.34267 	0.598473
5.34767 	0.608089
5.35268 	0.617272
5.35768 	0.626079
5.36268 	0.634886
5.36768 	0.643693
5.37269 	0.652501
5.37769 	0.661308
5.38269 	0.670115
5.38769 	0.678922
5.3927 	0.687729
5.3977 	0.696537
5.4027 	0.704712
5.4077 	0.71235
5.41271 	0.719987
5.41771 	0.727624
5.42271 	0.735262
5.42771 	0.742899
5.43272 	0.750537
5.43772 	0.758174
5.44272 	0.765812
5.44772 	0.773449
5.45273 	0.780351
5.45773 	0.78664
5.46273 	0.792928
5.46773 	0.799216
5.47274 	0.805505
5.47774 	0.811793
5.48274 	0.818081
5.48774 	0.82437
5.49275 	0.830658
5.49775 	0.836946
5.50275 	0.842486
5.50775 	0.847415
5.51276 	0.852343
5.51776 	0.857271
5.52276 	0.862199
5.52776 	0.867128
5.53277 	0.872056
5.53777 	0.876984
5.54277 	0.881913
5.54777 	0.886841
5.55278 	0.891079
5.55778 	0.894763
5.56278 	0.898447
5.56778 	0.902132
5.57279 	0.905816
5.57779 	0.9095
5.58279 	0.913184
5.58779 	0.916869
5.5928 	0.920553
5.5978 	0.924237
5.6028 	0.927331
5.6078 	0.929961
5.61281 	0.932591
5.61781 	0.935221
5.62281 	0.937851
5.62781 	0.940481
5.63282 	0.943111
5.63782 	0.94574
5.64282 	0.94837
5.64782 	0.951
5.65283 	0.953153
5.65783 	0.954937
5.66283 	0.956722
5.66783 	0.958507
5.67284 	0.960291
5.67784 	0.962076
5.68284 	0.963861
5.68784 	0.965645
5.69285 	0.96743
5.69785 	0.969215
5.70285 	0.970621
5.70785 	0.971741
5.71286 	0.972861
5.71786 	0.973981
5.72286 	0.975101
5.72786 	0.976221
5.73287 	0.977342
5.73787 	0.978462
5.74287 	0.979582
5.74787 	0.980702
5.75288 	0.981504
5.75788 	0.98207
5.76288 	0.982637
5.76788 	0.983203
5.77289 	0.98377
5.77789 	0.984336
5.78289 	0.984902
5.78789 	0.985469
5.7929 	0.986035
5.7979 	0.986602
5.8029 	0.986851
5.8079 	0.986871
5.81291 	0.986891
5.81791 	0.986912
5.82291 	0.986932
5.82791 	0.986952
5.83292 	0.986972
5.83792 	0.986992
5.84292 	0.987012
5.84792 	0.987033
5.85293 	0.986667
5.85793 	0.986027
5.86293 	0.985388
5.86793 	0.984748
5.87294 	0.984109
5.87794 	0.983469
5.88294 	0.98283
5.88794 	0.982191
5.89295 	0.981551
5.89795 	0.980912
5.90295 	0.97975
5.90795 	0.978226
5.91296 	0.976702
5.91796 	0.975178
5.92296 	0.973653
5.92796 	0.972129
5.93297 	0.970605
5.93797 	0.969081
5.94297 	0.967557
5.94797 	0.966032
5.95298 	0.963809
5.95798 	0.961109
5.96298 	0.958408
5.96798 	0.955708
5.97299 	0.953008
5.97799 	0.950308
5.98299 	0.947608
5.98799 	0.944908
5.993 	0.942208
5.998 	0.939508
6.003 	0.935936
6.008 	0.931783
6.01301 	0.92763
6.01801 	0.923477
6.02301 	0.919325
6.02801 	0.915172
6.03302 	0.911019
6.03802 	0.906866
6.04302 	0.902713
6.04802 	0.89856
6.05303 	0.893427
6.05803 	0.887654
6.06303 	0.881881
6.06803 	0.876109
6.07304 	0.870336
6.07804 	0.864563
6.08304 	0.858791
6.08804 	0.853018
6.09305 	0.847245
6.09805 	0.841472
6.10305 	0.834726
6.10805 	0.827358
6.11306 	0.81999
6.11806 	0.812622
6.12306 	0.805254
6.12806 	0.797886
6.13307 	0.790518
6.13807 	0.78315
6.14307 	0.775782
6.14807 	0.768414
6.15308 	0.76022
6.15808 	0.751508
6.16308 	0.742797
6.16808 	0.734085
6.17309 	0.725374
6.17809 	0.716662
6.18309 	0.707951
6.18809 	0.69924
6.1931 	0.690528
6.1981 	0.681817
6.2031 	0.672555
6.2081 	0.662955
6.21311 	0.653356
6.21811 	0.643756
6.22311 	0.634157
6.22811 	0.624557
6.23312 	0.614957
6.23812 	0.605358
6.24312 	0.595758
6.24812 	0.586159
6.25313 	0.576367
6.25813 	0.56646
6.26313 	0.556553
6.26813 	0.546646
6.27314 	0.536739
6.27814 	0.526832
6.28314 	0.516925
6.28814 	0.507018
6.29315 	0.497111
6.29815 	0.487204
6.30315 	0.477481
6.30815 	0.467866
6.31316 	0.458251
6.31816 	0.448636
6.32316 	0.439021
6.32816 	0.429406
6.33317 	0.419791
6.33817 	0.410176
6.34317 	0.400561
6.34817 	0.390946
6.35318 	0.381844
6.35818 	0.373037
6.36318 	0.36423
6.36818 	0.355423
6.37319 	0.346616
6.37819 	0.337809
6.38319 	0.329002
6.38819 	0.320195
6.3932 	0.311388
6.3982 	0.302581
6.4032 	0.294523
6.4082 	0.286885
6.41321 	0.279248
6.41821 	0.271611
6.42321 	0.263973
6.42821 	0.256336
6.43322 	0.248699
6.43822 	0.241061
6.44322 	0.233424
6.44822 	0.225786
6.45323 	0.219019
6.45823 	0.212731
6.46323 	0.206443
6.46823 	0.200154
6.47324 	0.193866
6.47824 	0.187578
6.48324 	0.18129
6.48824 	0.175001
6.49325 	0.168713
6.49825 	0.162425
6.50325 	0.15702
6.50825 	0.152092
6.51326 	0.147164
6.51826 	0.142235
6.52326 	0.137307
6.52826 	0.132379
6.53327 	0.12745
6.53827 	0.122522
6.54327 	0.117594
6.54827 	0.112665
6.55328 	0.108551
6.55828 	0.104866
6.56328 	0.101181
6.56828 	0.0974959
6.57329 	0.0938107
6.57829 	0.0901256
6.58329 	0.0864405
6.58829 	0.0827553
6.5933 	0.0790702
6.5983 	0.0753851
6.6033 	0.0723933
6.6083 	0.0697588
6.61331 	0.0671242
6.61831 	0.0644897
6.62331 	0.0618551
6.62831 	0.0592206
6.63332 	0.0565861
6.63832 	0.0539515
6.64332 	0.051317
6.64832 	0.0486824
6.65333 	0.0466
6.65833 	0.0447958
6.66333 	0.0429916
6.66833 	0.0411873
6.67334 	0.0393831
6.67834 	0.0375788
6.68334 	0.0357746
6.68834 	0.0339703
6.69335 	0.0321661
6.69835 	0.0303619
6.70335 	0.028972
6.70835 	0.0277863
6.71336 	0.0266005
6.71836 	0.0254148
6.72336 	0.024229
6.72836 	0.0230433
6.73337 	0.0218576
6.73837 	0.0206718
6.74337 	0.0194861
6.74837 	0.0183003
6.75338 	0.0174094
6.75838 	0.0166604
6.76338 	0.0159113
6.76838 	0.0151623
6.77339 	0.0144133
6.77839 	0.0136642
6.78339 	0.0129152
6.78839 	0.0121662
6.7934 	0.0114171
6.7984 	0.0106681
6.8034 	0.0101187
6.8084 	0.0096632
6.81341 	0.00920771
6.81841 	0.00875222
6.82341 	0.00829673
6.82841 	0.00784124
6.83342 	0.00738575
6.83842 	0.00693026
6.84342 	0.00647477
6.84842 	0.00601928
6.85343 	0.0056929
6.85843 	0.00542588
6.86343 	0.00515887
6.86843 	0.00489185
6.87344 	0.00462484
6.87844 	0.00435782
6.88344 	0.00409081
6.88844 	0.0038238
6.89345 	0.00355678
6.89845 	0.00328977
6.90345 	0.00310274
6.90845 	0.00295165
6.91346 	0.00280056
6.91846 	0.00264947
6.92346 	0.00249838
6.92846 	0.00234729
6.93347 	0.00219621
6.93847 	0.00204512
6.94347 	0.00189403
6.94847 	0.00174294
6.95348 	0.00163943
6.95848 	0.00155681
6.96348 	0.00147419
6.96848 	0.00139156
6.97349 	0.00130894
6.97849 	0.00122632
6.98349 	0.00114369
6.98849 	0.00106107
6.9935 	0.000978449
6.9985 	0.000895826
7.0035 	0.000840438
7.0085 	0.000796724
7.01351 	0.000753009
7.01851 	0.000709294
7.02351 	0.000665579
7.02851 	0.000621864
7.03352 	0.000578149
7.03852 	0.000534434
7.04352 	0.00049072
7.04852 	0.000447005
7.05353 	0.000418316
7.05853 	0.000395914
7.06353 	0.000373512
7.06853 	0.000351111
7.07354 	0.000328709
7.07854 	0.000306308
7.08354 	0.000283906
7.08854 	0.000261504
7.09355 	0.000239103
7.09855 	0.000216701
7.10355 	0.000202303
7.10855 	0.000191173
7.11356 	0.000180043
7.11856 	0.000168914
7.12356 	0.000157784
7.12856 	0.000146654
7.13357 	0.000135525
7.13857 	0.000124395
7.14357 	0.000113265
7.14857 	0.000102135
7.15358 	9.51268e-05
7.15858 	8.97608e-05
7.16358 	8.43948e-05
7.16858 	7.90289e-05
7.17359 	7.36629e-05
7.17859 	6.82969e-05
7.18359 	6.2931e-05
7.18859 	5.7565e-05
7.1936 	5.2199e-05
7.1986 	4.6833e-05
7.2036 	4.35214e-05
7.2086 	4.10086e-05
7.21361 	3.84958e-05
7.21861 	3.5983e-05
7.22361 	3.34702e-05
7.22861 	3.09574e-05
7.23362 	2.84446e-05
7.23862 	2.59318e-05
7.24362 	2.3419e-05
7.24862 	2.09062e-05
7.25363 	1.93859e-05
7.25863 	1.8242e-05
7.26363 	1.70982e-05
7.26863 	1.59543e-05
7.27364 	1.48104e-05
7.27864 	1.36666e-05
7.28364 	1.25227e-05
7.28864 	1.13789e-05
7.29365 	1.0235e-05
7.29865 	9.09115e-06
7.30365 	8.41252e-06
7.30865 	7.90596e-06
7.31366 	7.3994e-06
7.31866 	6.89283e-06
7.32366 	6.38627e-06
7.32866 	5.87971e-06
7.33367 	5.37315e-06
7.33867 	4.86658e-06
7.34367 	4.36002e-06
7.34867 	3.85346e-06
7.35368 	3.55869e-06
7.35868 	3.34029e-06
7.36368 	3.12188e-06
7.36868 	2.90347e-06
7.37369 	2.68507e-06
7.37869 	2.46666e-06
7.38369 	2.24825e-06
7.38869 	2.02985e-06
7.3937 	1.81144e-06
7.3987 	1.59304e-06
7.4037 	1.46836e-06
7.4087 	1.37662e-06
7.41371 	1.28488e-06
7.41871 	1.19313e-06
7.42371 	1.10139e-06
7.42871 	1.00965e-06
7.43372 	9.17903e-07
7.43872 	8.2616e-07
7.44372 	7.34417e-07
7.44872 	6.42674e-07
7.45373 	5.91289e-07
7.45873 	5.53718e-07
7.46373 	5.16148e-07
7.46873 	4.78577e-07
7.47374 	4.41006e-07
7.47874 	4.03435e-07
7.48374 	3.65865e-07
7.48874 	3.28294e-07
7.49375 	2.90723e-07
7.49875 	2.53153e-07
7.50375 	2.32503e-07
7.50875 	2.17493e-07
7.51376 	2.02483e-07
7.51876 	1.87474e-07
7.52376 	1.72464e-07
7.52876 	1.57454e-07
7.53377 	1.42445e-07
7.53877 	1.27435e-07
7.54377 	1.12425e-07
7.54877 	9.74157e-08
7.55378 	8.93191e-08
7.55878 	8.34658e-08
7.56378 	7.76126e-08
7.56878 	7.17593e-08
7.57379 	6.5906e-08
7.57879 	6.00527e-08
7.58379 	5.41994e-08
7.58879 	4.83462e-08
7.5938 	4.24929e-08
7.5988 	3.66396e-08
7.6038 	3.35405e-08
7.6088 	3.13111e-08
7.61381 	2.90817e-08
7.61881 	2.68523e-08
7.62381 	2.46229e-08
7.62881 	2.23935e-08
7.63382 	2.01641e-08
7.63882 	1.79347e-08
7.64382 	1.57053e-08
7.64882 	1.34759e-08
7.65383 	1.23172e-08
7.65883 	1.14874e-08
7.66383 	1.06576e-08
7.66883 	9.82783e-09
7.67384 	8.99804e-09
7.67884 	8.16824e-09
7.68384 	7.33844e-09
7.68884 	6.50864e-09
7.69385 	5.67885e-09
7.69885 	4.84905e-09
7.70385 	4.42567e-09
7.70885 	4.12368e-09
7.71386 	3.8217e-09
7.71886 	3.51972e-09
7.72386 	3.21773e-09
7.72886 	2.91575e-09
7.73387 	2.61377e-09
7.73887 	2.31178e-09
7.74387 	2.0098e-09
7.74887 	1.70781e-09
7.75388 	1.55655e-09
7.75888 	1.44904e-09
7.76388 	1.34153e-09
7.76888 	1.23403e-09
7.77389 	1.12652e-09
7.77889 	1.01901e-09
7.78389 	9.11503e-10
7.78889 	8.03995e-10
7.7939 	6.96487e-10
7.7989 	5.88979e-10
7.8039 	5.3611e-10
7.8089 	4.98651e-10
7.81391 	4.61193e-10
7.81891 	4.23734e-10
7.82391 	3.86276e-10
7.82891 	3.48817e-10
7.83392 	3.11359e-10
7.83892 	2.739e-10
7.84392 	2.36442e-10
7.84892 	1.98983e-10
7.85393 	1.80898e-10
7.85893 	1.68118e-10
7.86393 	1.55338e-10
7.86893 	1.42559e-10
7.87394 	1.29779e-10
7.87894 	1.17e-10
7.88394 	1.0422e-10
7.88894 	9.14408e-11
7.89395 	7.86612e-11
7.89895 	6.58817e-11
7.90395 	5.9824e-11
7.90895 	5.5553e-11
7.91396 	5.1282e-11
7.91896 	4.70111e-11
7.92396 	4.27401e-11
7.92896 	3.84692e-11
7.93397 	3.41982e-11
7.93897 	2.99272e-11
7.94397 	2.56563e-11
7.94897 	2.13853e-11
7.95398 	1.93977e-11
7.95898 	1.79989e-11
7.96398 	1.66e-11
7.96898 	1.52012e-11
7.97399 	1.38024e-11
7.97899 	1.24035e-11
7.98399 	1.10047e-11
7.98899 	9.60585e-12
7.994 	8.20702e-12
7.999 	6.80819e-12
8.004 	6.16908e-12
8.009 	5.71991e-12
8.01401 	5.27074e-12
8.01901 	4.82156e-12
8.02401 	4.37239e-12
8.02901 	3.92322e-12
8.03402 	3.47404e-12
8.03902 	3.02487e-12
8.04402 	2.5757e-12
8.04902 	2.12652e-12
8.05403 	1.92506e-12
8.05903 	1.7836e-12
8.06403 	1.64214e-12
8.06903 	1.50067e-12
8.07404 	1.35921e-12
8.07904 	1.21775e-12
8.08404 	1.07629e-12
8.08904 	9.34827e-13
8.09405 	7.93366e-13
8.09905 	6.51904e-13
8.10405 	5.8962e-13
8.10905 	5.45907e-13
8.11406 	5.02195e-13
8.11906 	4.58483e-13
8.12406 	4.14771e-13
8.12906 	3.71058e-13
8.13407 	3.27346e-13
8.13907 	2.83634e-13
8.14407 	2.39922e-13
8.14907 	1.96209e-13
8.15408 	1.77318e-13
8.15908 	1.6406e-13
8.16408 	1.50802e-13
8.16908 	1.37545e-13
8.17409 	1.24287e-13
8.17909 	1.11029e-13
8.18409 	9.77718e-14
8.18909 	8.45141e-14
8.1941 	7.12565e-14
8.1991 	5.79989e-14
8.2041 	5.23751e-14
8.2091 	4.84271e-14
8.21411 	4.44791e-14
8.21911 	4.05311e-14
8.22411 	3.65831e-14
8.22911 	3.26351e-14
8.23412 	2.86871e-14
8.23912 	2.47391e-14
8.24412 	2.07911e-14
8.24912 	1.68431e-14
8.25413 	1.51995e-14
8.25913 	1.40448e-14
8.26413 	1.289e-14
8.26913 	1.17353e-14
8.27414 	1.05805e-14
8.27914 	9.42578e-15
8.28414 	8.27104e-15
8.28914 	7.11629e-15
8.29415 	5.96155e-15
8.29915 	4.80681e-15
8.30415 	4.33508e-15
8.30915 	4.00324e-15
8.31416 	3.6714e-15
8.31916 	3.33956e-15
8.32416 	3.00772e-15
8.32916 	2.67588e-15
8.33417 	2.34404e-15
8.33917 	2.0122e-15
8.34417 	1.68036e-15
8.34917 	1.34851e-15
8.35418 	1.2155e-15
8.35918 	1.12178e-15
8.36418 	1.02806e-15
8.36918 	9.34335e-16
8.37419 	8.40613e-16
8.37919 	7.4689e-16
8.38419 	6.53167e-16
8.38919 	5.59445e-16
8.3942 	4.65722e-16
8.3992 	3.71999e-16
8.4042 	3.35144e-16
8.4092 	3.09121e-16
8.41421 	2.83097e-16
8.41921 	2.57074e-16
8.42421 	2.31051e-16
8.42921 	2.05027e-16
8.43422 	1.79004e-16
8.43922 	1.52981e-16
8.44422 	1.26957e-16
8.44922 	1.00934e-16
8.45423 	9.08958e-17
8.45923 	8.379e-17
8.46423 	7.66842e-17
8.46923 	6.95785e-17
8.47424 	6.24727e-17
8.47924 	5.53669e-17
8.48424 	4.82611e-17
8.48924 	4.11553e-17
8.49425 	3.40495e-17
8.49925 	2.69437e-17
8.50425 	2.42555e-17
8.50925 	2.23469e-17
8.51426 	2.04383e-17
8.51926 	1.85297e-17
8.52426 	1.66211e-17
8.52926 	1.47125e-17
8.53427 	1.28039e-17
8.53927 	1.08953e-17
8.54427 	8.98667e-18
8.54927 	7.07806e-18
8.55428 	6.37004e-18
8.55928 	5.86562e-18
8.56428 	5.36121e-18
8.56928 	4.85679e-18
8.57429 	4.35237e-18
8.57929 	3.84796e-18
8.58429 	3.34354e-18
8.58929 	2.83913e-18
8.5943 	2.33471e-18
8.5993 	1.83029e-18
8.6043 	1.64684e-18
8.6093 	1.51563e-18
8.61431 	1.38443e-18
8.61931 	1.25322e-18
8.62431 	1.12202e-18
8.62931 	9.90814e-19
8.63432 	8.59609e-19
8.63932 	7.28404e-19
8.64432 	5.972e-19
8.64932 	4.65995e-19
8.65433 	4.1922e-19
8.65933 	3.85623e-19
8.66433 	3.52025e-19
8.66933 	3.18428e-19
8.67434 	2.8483e-19
8.67934 	2.51233e-19
8.68434 	2.17635e-19
8.68934 	1.84037e-19
8.69435 	1.5044e-19
8.69935 	1.16842e-19
8.70435 	1.05104e-19
8.70935 	9.66325e-20
8.71436 	8.81607e-20
8.71936 	7.9689e-20
8.72436 	7.12173e-20
8.72936 	6.27456e-20
8.73437 	5.42739e-20
8.73937 	4.58022e-20
8.74437 	3.73304e-20
8.74937 	2.88587e-20
8.75438 	2.59588e-20
8.75938 	2.38548e-20
8.76438 	2.17508e-20
8.76938 	1.96468e-20
8.77439 	1.75428e-20
8.77939 	1.54388e-20
8.78439 	1.33348e-20
8.78939 	1.12308e-20
8.7944 	9.1268e-21
8.7994 	7.0228e-21
8.8044 	6.31731e-21
8.8094 	5.80252e-21
8.81441 	5.28773e-21
8.81941 	4.77294e-21
8.82441 	4.25815e-21
8.82941 	3.74336e-21
8.83442 	3.22857e-21
8.83942 	2.71378e-21
8.84442 	2.19899e-21
8.84942 	1.6842e-21
8.85443 	1.51516e-21
8.85943 	1.39104e-21
8.86443 	1.26693e-21
8.86943 	1.14282e-21
8.87444 	1.0187e-21
8.87944 	8.94585e-22
8.88444 	7.70471e-22
8.88944 	6.46356e-22
8.89445 	5.22241e-22
8.89945 	3.98126e-22
8.90445 	3.58225e-22
8.90945 	3.28731e-22
8.91446 	2.99238e-22
8.91946 	2.69745e-22
8.92446 	2.40252e-22
8.92946 	2.10758e-22
8.93447 	1.81265e-22
8.93947 	1.51772e-22
8.94447 	1.22279e-22
8.94947 	9.27854e-23
8.95448 	8.3505e-23
8.95948 	7.6596e-23
8.96448 	6.96869e-23
8.96948 	6.27779e-23
8.97449 	5.58688e-23
8.97949 	4.89597e-23
8.98449 	4.20507e-23
8.98949 	3.51416e-23
8.9945 	2.82326e-23
8.9995 	2.13235e-23
9.0045 	1.91963e-23
9.0095 	1.76004e-23
9.01451 	1.60045e-23
9.01951 	1.44086e-23
9.02451 	1.28127e-23
9.02951 	1.12168e-23
9.03452 	9.62094e-24
9.03952 	8.02505e-24
9.04452 	6.42916e-24
9.04952 	4.83327e-24
9.05453 	4.35265e-24
9.05953 	3.9891e-24
9.06453 	3.62555e-24
9.06953 	3.262e-24
9.07454 	2.89845e-24
9.07954 	2.53491e-24
9.08454 	2.17136e-24
9.08954 	1.80781e-24
9.09455 	1.44426e-24
9.09955 	1.08071e-24
9.10455 	9.73653e-25
9.10955 	8.91961e-25
9.11456 	8.10268e-25
9.11956 	7.28576e-25
9.12456 	6.46884e-25
9.12956 	5.65191e-25
9.13457 	4.83499e-25
9.13957 	4.01807e-25
9.14457 	3.20114e-25
9.14957 	2.38422e-25
9.15458 	2.14906e-25
9.15958 	1.96795e-25
9.16458 	1.78684e-25
9.16958 	1.60573e-25
9.17459 	1.42462e-25
9.17959 	1.24351e-25
9.18459 	1.0624e-25
9.18959 	8.81292e-26
9.1946 	7.00182e-26
9.1996 	5.19072e-26
9.2046 	4.68131e-26
9.2096 	4.2851e-26
9.21461 	3.88889e-26
9.21961 	3.49267e-26
9.22461 	3.09646e-26
9.22961 	2.70025e-26
9.23462 	2.30404e-26
9.23962 	1.90782e-26
9.24462 	1.51161e-26
9.24962 	1.1154e-26
9.25463 	1.00655e-26
9.25963 	9.21e-27
9.26463 	8.35451e-27
9.26963 	7.49902e-27
9.27464 	6.64353e-27
9.27964 	5.78803e-27
9.28464 	4.93254e-27
9.28964 	4.07705e-27
9.29465 	3.22156e-27
9.29965 	2.36607e-27
9.30465 	2.13661e-27
9.30965 	1.95427e-27
9.31466 	1.77193e-27
9.31966 	1.58959e-27
9.32466 	1.40725e-27
9.32966 	1.22491e-27
9.33467 	1.04258e-27
9.33967 	8.60236e-28
9.34467 	6.77896e-28
9.34967 	4.95557e-28
9.35468 	4.47829e-28
9.35968 	4.09458e-28
9.36468 	3.71087e-28
9.36968 	3.32717e-28
9.37469 	2.94346e-28
9.37969 	2.55976e-28
9.38469 	2.17605e-28
9.38969 	1.79235e-28
9.3947 	1.40864e-28
9.3997 	1.02494e-28
9.4047 	9.26967e-29
9.4097 	8.47234e-29
9.41471 	7.67501e-29
9.41971 	6.87767e-29
9.42471 	6.08034e-29
9.42971 	5.28301e-29
9.43472 	4.48567e-29
9.43972 	3.68834e-29
9.44472 	2.89101e-29
9.44972 	2.09368e-29
9.45473 	1.89519e-29
9.45973 	1.73155e-29
9.46473 	1.56792e-29
9.46973 	1.40428e-29
9.47474 	1.24065e-29
9.47974 	1.07701e-29
9.48474 	9.13376e-30
9.48974 	7.4974e-30
9.49475 	5.86105e-30
9.49975 	4.2247e-30
9.50475 	3.82774e-30
9.50975 	3.49601e-30
9.51476 	3.16429e-30
9.51976 	2.83256e-30
9.52476 	2.50084e-30
9.52976 	2.16911e-30
9.53477 	1.83739e-30
9.53977 	1.50566e-30
9.54477 	1.17394e-30
9.54977 	8.42212e-31
9.55478 	7.63837e-31
9.55978 	6.974e-31
9.56478 	6.30963e-31
9.56978 	5.64525e-31
9.57479 	4.98088e-31
9.57979 	4.31651e-31
9.58479 	3.65214e-31
9.58979 	2.98776e-31
9.5948 	2.32339e-31
9.5998 	1.65902e-31
9.6048 	1.50623e-31
9.6098 	1.37475e-31
9.61481 	1.24328e-31
9.61981 	1.11181e-31
9.62481 	9.80332e-32
9.62981 	8.48857e-32
9.63482 	7.17383e-32
9.63982 	5.85908e-32
9.64482 	4.54434e-32
9.64982 	3.22959e-32
9.65483 	2.93546e-32
9.65983 	2.67834e-32
9.66483 	2.42122e-32
9.66983 	2.16411e-32
9.67484 	1.90699e-32
9.67984 	1.64987e-32
9.68484 	1.39275e-32
9.68984 	1.13564e-32
9.69485 	8.78518e-33
9.69985 	6.21401e-33
9.70485 	5.65479e-33
9.70985 	5.15781e-33
9.71486 	4.66082e-33
9.71986 	4.16383e-33
9.72486 	3.66684e-33
9.72986 	3.16986e-33
9.73487 	2.67287e-33
9.73987 	2.17588e-33
9.74487 	1.67889e-33
9.74987 	1.18191e-33
9.75488 	1.07689e-33
9.75988 	9.81933e-34
9.76488 	8.86973e-34
9.76988 	7.92012e-34
9.77489 	6.97052e-34
9.77989 	6.02091e-34
9.78489 	5.0713e-34
9.78989 	4.1217e-34
9.7949 	3.17209e-34
9.7999 	2.22249e-34
9.8049 	2.0277e-34
9.8099 	1.84831e-34
9.81491 	1.66893e-34
9.81991 	1.48954e-34
9.82491 	1.31016e-34
9.82991 	1.13077e-34
9.83492 	9.51389e-35
9.83992 	7.72004e-35
9.84492 	5.9262e-35
9.84992 	4.13235e-35
9.85493 	3.77541e-35
9.85993 	3.44034e-35
9.86493 	3.10528e-35
9.86993 	2.77021e-35
9.87494 	2.43515e-35
9.87994 	2.10008e-35
9.88494 	1.76502e-35
9.88994 	1.42995e-35
9.89495 	1.09489e-35
9.89995 	7.59825e-36
9.90495 	6.95202e-36
9.90995 	6.33311e-36
9.91496 	5.71419e-36
9.91996 	5.09528e-36
9.92496 	4.47636e-36
9.92996 	3.85745e-36
9.93497 	3.23853e-36
9.93997 	2.61962e-36
9.94497 	2.00071e-36
9.94997 	1.38179e-36
9.95498 	1.28344e-36
9.95998 	1.1877e-36
9.96498 	1.09196e-36
9.96998 	9.96215e-37
9.97499 	9.00475e-37
9.97999 	8.04735e-37
9.98499 	7.08995e-37
9.98999 	6.13255e-37
9.995 	5.17515e-37
10 	4.21775e-37
