0 	9.94613e-231
0.0050025 	9.94612e-231
0.010005 	9.94612e-231
0.0150075 	9.94612e-231
0.02001 	9.94612e-231
0.0250125 	9.94612e-231
0.030015 	9.94612e-231
0.0350175 	9.94612e-231
0.04002 	9.94612e-231
0.0450225 	9.94612e-231
0.050025 	9.94612e-231
0.0550275 	9.94618e-231
0.06003 	9.94625e-231
0.0650325 	9.94631e-231
0.070035 	9.94637e-231
0.0750375 	9.94643e-231
0.08004 	9.94649e-231
0.0850425 	9.94655e-231
0.090045 	9.94661e-231
0.0950475 	9.94667e-231
0.10005 	9.94658e-231
0.105053 	9.93128e-231
0.110055 	9.91599e-231
0.115058 	9.90069e-231
0.12006 	9.8854e-231
0.125063 	9.8701e-231
0.130065 	9.8548e-231
0.135068 	9.83951e-231
0.14007 	9.82421e-231
0.145073 	9.80891e-231
0.150075 	9.851e-231
0.155078 	1.36613e-230
0.16008 	1.74715e-230
0.165083 	2.12818e-230
0.170085 	2.50921e-230
0.175088 	2.89024e-230
0.18009 	3.27126e-230
0.185093 	3.65229e-230
0.190095 	4.03332e-230
0.195098 	4.41434e-230
0.2001 	2.88927e-230
0.205103 	-9.20345e-229
0.210105 	-1.86958e-228
0.215108 	-2.81882e-228
0.22011 	-3.76806e-228
0.225113 	-4.7173e-228
0.230115 	-5.66653e-228
0.235118 	-6.61577e-228
0.24012 	-7.56501e-228
0.245123 	-8.51425e-228
0.250125 	-3.52777e-228
0.255128 	2.32952e-226
0.26013 	4.69431e-226
0.265133 	7.0591e-226
0.270135 	9.4239e-226
0.275138 	1.17887e-225
0.28014 	1.41535e-225
0.285143 	1.65183e-225
0.290145 	1.88831e-225
0.295148 	2.12479e-225
0.30015 	5.8678e-226
0.305153 	-5.83263e-224
0.310155 	-1.17239e-223
0.315158 	-1.76152e-223
0.32016 	-2.35065e-223
0.325163 	-2.93979e-223
0.330165 	-3.52892e-223
0.335168 	-4.11805e-223
0.34017 	-4.70718e-223
0.345173 	-5.29631e-223
0.350175 	-7.27956e-224
0.355178 	1.4604e-221
0.36018 	2.92807e-221
0.365183 	4.39575e-221
0.370185 	5.86342e-221
0.375188 	7.3311e-221
0.38019 	8.79877e-221
0.385193 	1.02664e-220
0.390195 	1.17341e-220
0.395198 	1.32018e-220
0.4002 	-1.46511e-223
0.405203 	-3.6565e-219
0.410205 	-7.31285e-219
0.415208 	-1.09692e-218
0.42021 	-1.46256e-218
0.425213 	-1.82819e-218
0.430215 	-2.19383e-218
0.435218 	-2.55946e-218
0.44022 	-2.9251e-218
0.445223 	-3.29073e-218
0.450225 	4.59096e-219
0.455228 	9.15482e-217
0.46023 	1.82637e-216
0.465233 	2.73726e-216
0.470235 	3.64816e-216
0.475238 	4.55905e-216
0.48024 	5.46994e-216
0.485243 	6.38083e-216
0.490245 	7.29172e-216
0.495248 	8.20261e-216
0.50025 	-2.27836e-216
0.505253 	-2.29205e-214
0.510255 	-4.56131e-214
0.515258 	-6.83057e-214
0.52026 	-9.09983e-214
0.525263 	-1.13691e-213
0.530265 	-1.36384e-213
0.535268 	-1.59076e-213
0.54027 	-1.81769e-213
0.545273 	-2.04461e-213
0.550275 	8.50262e-214
0.555278 	5.73834e-212
0.56028 	1.13917e-211
0.565283 	1.7045e-211
0.570285 	2.26983e-211
0.575288 	2.83516e-211
0.58029 	3.40049e-211
0.585293 	3.96582e-211
0.590295 	4.53115e-211
0.595298 	5.09649e-211
0.6003 	-2.82241e-211
0.605303 	-1.43661e-209
0.610305 	-2.84499e-209
0.615308 	-4.25338e-209
0.62031 	-5.66176e-209
0.625313 	-7.07015e-209
0.630315 	-8.47853e-209
0.635318 	-9.88692e-209
0.64032 	-1.12953e-208
0.645323 	-1.27037e-208
0.650325 	8.78568e-209
0.655328 	3.5965e-207
0.66033 	7.10515e-207
0.665333 	1.06138e-206
0.670335 	1.41224e-206
0.675338 	1.76311e-206
0.68034 	2.11397e-206
0.685343 	2.46484e-206
0.690345 	2.8157e-206
0.695348 	3.16657e-206
0.70035 	-2.62578e-206
0.705353 	-9.00352e-205
0.710355 	-1.77445e-204
0.715358 	-2.64854e-204
0.72036 	-3.52263e-204
0.725363 	-4.39673e-204
0.730365 	-5.27082e-204
0.735368 	-6.14491e-204
0.74037 	-7.01901e-204
0.745373 	-7.8931e-204
0.750375 	7.63029e-204
0.755378 	2.25389e-202
0.76038 	4.43148e-202
0.765383 	6.60908e-202
0.770385 	8.78667e-202
0.775388 	1.09643e-201
0.78039 	1.31418e-201
0.785393 	1.53194e-201
0.790395 	1.7497e-201
0.795398 	1.96746e-201
0.8004 	-2.17215e-201
0.805403 	-5.64215e-200
0.810405 	-1.10671e-199
0.815408 	-1.6492e-199
0.82041 	-2.1917e-199
0.825413 	-2.73419e-199
0.830415 	-3.27668e-199
0.835418 	-3.81918e-199
0.84042 	-4.36167e-199
0.845423 	-4.90416e-199
0.850425 	6.08712e-199
0.855428 	1.41236e-197
0.86043 	2.76385e-197
0.865433 	4.11534e-197
0.870435 	5.46683e-197
0.875438 	6.81832e-197
0.88044 	8.16981e-197
0.885443 	9.5213e-197
0.890445 	1.08728e-196
0.895448 	1.22243e-196
0.90045 	-1.6848e-196
0.905453 	-3.53539e-195
0.910455 	-6.90229e-195
0.915458 	-1.02692e-194
0.92046 	-1.36361e-194
0.925463 	-1.7003e-194
0.930465 	-2.03699e-194
0.935468 	-2.37368e-194
0.94047 	-2.71037e-194
0.945473 	-3.04706e-194
0.950475 	4.61667e-194
0.955478 	8.84949e-193
0.96048 	1.72373e-192
0.965483 	2.56251e-192
0.970485 	3.4013e-192
0.975488 	4.24008e-192
0.98049 	5.07886e-192
0.985493 	5.91765e-192
0.990495 	6.75643e-192
0.995498 	7.59521e-192
1.0005 	-1.25461e-191
1.0055 	-2.21508e-190
1.01051 	-4.30471e-190
1.01551 	-6.39433e-190
1.02051 	-8.48395e-190
1.02551 	-1.05736e-189
1.03052 	-1.26632e-189
1.03552 	-1.47528e-189
1.04052 	-1.68424e-189
1.04552 	-1.89321e-189
1.05053 	3.38584e-189
1.05553 	5.54437e-188
1.06053 	1.07502e-187
1.06553 	1.59559e-187
1.07054 	2.11617e-187
1.07554 	2.63675e-187
1.08054 	3.15733e-187
1.08554 	3.67791e-187
1.09055 	4.19848e-187
1.09555 	4.71906e-187
1.10055 	-9.08345e-187
1.10555 	-1.38773e-185
1.11056 	-2.68462e-185
1.11556 	-3.98152e-185
1.12056 	-5.27841e-185
1.12556 	-6.5753e-185
1.13057 	-7.8722e-185
1.13557 	-9.16909e-185
1.14057 	-1.0466e-184
1.14557 	-1.17629e-184
1.15058 	2.42446e-184
1.15558 	3.47334e-183
1.16058 	6.70423e-183
1.16558 	9.93513e-183
1.17059 	1.3166e-182
1.17559 	1.63969e-182
1.18059 	1.96278e-182
1.18559 	2.28587e-182
1.1906 	2.60896e-182
1.1956 	2.93205e-182
1.2006 	-6.44241e-182
1.2056 	-8.69322e-181
1.21061 	-1.67422e-180
1.21561 	-2.47912e-180
1.22061 	-3.28402e-180
1.22561 	-4.08891e-180
1.23062 	-4.89381e-180
1.23562 	-5.69871e-180
1.24062 	-6.50361e-180
1.24562 	-7.30851e-180
1.25063 	1.70523e-179
1.25563 	2.17573e-178
1.26063 	4.18094e-178
1.26563 	6.18614e-178
1.27064 	8.19135e-178
1.27564 	1.01966e-177
1.28064 	1.22018e-177
1.28564 	1.4207e-177
1.29065 	1.62122e-177
1.29565 	1.82174e-177
1.30065 	-4.49794e-177
1.30565 	-5.44528e-176
1.31066 	-1.04408e-175
1.31566 	-1.54362e-175
1.32066 	-2.04317e-175
1.32566 	-2.54272e-175
1.33067 	-3.04227e-175
1.33567 	-3.54182e-175
1.34067 	-4.04137e-175
1.34567 	-4.54091e-175
1.35068 	1.18278e-174
1.35568 	1.36278e-173
1.36068 	2.60728e-173
1.36568 	3.85179e-173
1.37069 	5.09629e-173
1.37569 	6.34079e-173
1.38069 	7.58529e-173
1.38569 	8.8298e-173
1.3907 	1.00743e-172
1.3957 	1.13188e-172
1.4007 	-3.10162e-172
1.4057 	-3.41054e-171
1.41071 	-6.51091e-171
1.41571 	-9.61128e-171
1.42071 	-1.27117e-170
1.42571 	-1.5812e-170
1.43072 	-1.89124e-170
1.43572 	-2.20128e-170
1.44072 	-2.51132e-170
1.44572 	-2.82135e-170
1.45073 	8.11311e-170
1.45573 	8.53514e-169
1.46073 	1.6259e-168
1.46573 	2.39828e-168
1.47074 	3.17066e-168
1.47574 	3.94304e-168
1.48074 	4.71543e-168
1.48574 	5.48781e-168
1.49075 	6.26019e-168
1.49575 	7.03257e-168
1.50075 	-2.11739e-167
1.50575 	-2.13594e-166
1.51076 	-4.06014e-166
1.51576 	-5.98435e-166
1.52076 	-7.90855e-166
1.52576 	-9.83275e-166
1.53077 	-1.1757e-165
1.53577 	-1.36812e-165
1.54077 	-1.56054e-165
1.54577 	-1.75296e-165
1.55078 	5.51465e-165
1.55578 	5.34515e-164
1.56078 	1.01388e-163
1.56578 	1.49325e-163
1.57079 	1.97262e-163
1.57579 	2.45199e-163
1.58079 	2.93135e-163
1.58579 	3.41072e-163
1.5908 	3.89009e-163
1.5958 	4.36946e-163
1.6008 	-1.43355e-162
1.6058 	-1.33758e-161
1.61081 	-2.53181e-161
1.61581 	-3.72604e-161
1.62081 	-4.92027e-161
1.62581 	-6.1145e-161
1.63082 	-7.30872e-161
1.63582 	-8.50295e-161
1.64082 	-9.69718e-161
1.64582 	-1.08914e-160
1.65083 	3.7201e-160
1.65583 	3.34714e-159
1.66083 	6.32227e-159
1.66583 	9.29739e-159
1.67084 	1.22725e-158
1.67584 	1.52476e-158
1.68084 	1.82228e-158
1.68584 	2.11979e-158
1.69085 	2.4173e-158
1.69585 	2.71482e-158
1.70085 	-9.63831e-158
1.70585 	-8.37564e-157
1.71086 	-1.57874e-156
1.71586 	-2.31992e-156
1.72086 	-3.0611e-156
1.72586 	-3.80228e-156
1.73087 	-4.54347e-156
1.73587 	-5.28465e-156
1.74087 	-6.02583e-156
1.74587 	-6.76701e-156
1.75088 	2.49347e-155
1.75588 	2.09582e-154
1.76088 	3.94229e-154
1.76588 	5.78876e-154
1.77089 	7.63523e-154
1.77589 	9.4817e-154
1.78089 	1.13282e-153
1.78589 	1.31746e-153
1.7909 	1.50211e-153
1.7959 	1.68676e-153
1.8009 	-6.44188e-153
1.8059 	-5.24422e-152
1.81091 	-9.84424e-152
1.81591 	-1.44443e-151
1.82091 	-1.90443e-151
1.82591 	-2.36443e-151
1.83092 	-2.82444e-151
1.83592 	-3.28444e-151
1.84092 	-3.74444e-151
1.84592 	-4.20444e-151
1.85093 	1.66214e-150
1.85593 	1.3122e-149
1.86093 	2.45818e-149
1.86593 	3.60417e-149
1.87094 	4.75015e-149
1.87594 	5.89614e-149
1.88094 	7.04212e-149
1.88594 	8.18811e-149
1.89095 	9.33409e-149
1.89595 	1.04801e-148
1.90095 	-4.28356e-148
1.90595 	-3.2833e-147
1.91096 	-6.13824e-147
1.91596 	-8.99318e-147
1.92096 	-1.18481e-146
1.92596 	-1.47031e-146
1.93097 	-1.7558e-146
1.93597 	-2.04129e-146
1.94097 	-2.32679e-146
1.94597 	-2.61228e-146
1.95098 	1.10271e-145
1.95598 	8.21509e-145
1.96098 	1.53275e-144
1.96598 	2.24399e-144
1.97099 	2.95523e-144
1.97599 	3.66646e-144
1.98099 	4.3777e-144
1.98599 	5.08894e-144
1.991 	5.80018e-144
1.996 	6.51142e-144
2.001 	-2.83571e-143
2.006 	-2.05545e-142
2.01101 	-3.82733e-142
2.01601 	-5.5992e-142
2.02101 	-7.37108e-142
2.02601 	-9.14296e-142
2.03102 	-1.09148e-141
2.03602 	-1.26867e-141
2.04102 	-1.44586e-141
2.04602 	-1.62305e-141
2.05103 	7.2852e-141
2.05603 	5.14272e-140
2.06103 	9.55692e-140
2.06603 	1.39711e-139
2.07104 	1.83853e-139
2.07604 	2.27995e-139
2.08104 	2.72137e-139
2.08604 	3.16279e-139
2.09105 	3.60421e-139
2.09605 	4.04563e-139
2.10105 	-1.86991e-138
2.10605 	-1.28668e-137
2.11106 	-2.38637e-137
2.11606 	-3.48606e-137
2.12106 	-4.58575e-137
2.12606 	-5.68544e-137
2.13107 	-6.78513e-137
2.13607 	-7.88482e-137
2.14107 	-8.98451e-137
2.14607 	-1.00842e-136
2.15108 	4.79541e-136
2.15608 	3.21915e-135
2.16108 	5.95876e-135
2.16608 	8.69837e-135
2.17109 	1.1438e-134
2.17609 	1.41776e-134
2.18109 	1.69172e-134
2.18609 	1.96568e-134
2.1911 	2.23964e-134
2.1961 	2.5136e-134
2.2011 	-1.22879e-133
2.2061 	-8.05385e-133
2.21111 	-1.48789e-132
2.21611 	-2.1704e-132
2.22111 	-2.85291e-132
2.22611 	-3.53541e-132
2.23112 	-4.21792e-132
2.23612 	-4.90042e-132
2.24112 	-5.58293e-132
2.24612 	-6.26544e-132
2.25113 	3.14623e-131
2.25613 	2.01492e-130
2.26113 	3.71522e-130
2.26613 	5.41552e-130
2.27114 	7.11582e-130
2.27614 	8.81612e-130
2.28114 	1.05164e-129
2.28614 	1.22167e-129
2.29115 	1.3917e-129
2.29615 	1.56173e-129
2.30115 	-8.04987e-129
2.30615 	-5.04086e-128
2.31116 	-9.27674e-128
2.31616 	-1.35126e-127
2.32116 	-1.77485e-127
2.32616 	-2.19844e-127
2.33117 	-2.62203e-127
2.33617 	-3.04561e-127
2.34117 	-3.4692e-127
2.34617 	-3.89279e-127
2.35118 	2.05819e-126
2.35618 	1.26108e-125
2.36118 	2.31635e-125
2.36618 	3.37162e-125
2.37119 	4.42688e-125
2.37619 	5.48215e-125
2.38119 	6.53741e-125
2.38619 	7.59268e-125
2.3912 	8.64794e-125
2.3962 	9.70321e-125
2.4012 	-5.25893e-124
2.4062 	-3.15483e-123
2.41121 	-5.78377e-123
2.41621 	-8.4127e-123
2.42121 	-1.10416e-122
2.42621 	-1.36706e-122
2.43122 	-1.62995e-122
2.43622 	-1.89284e-122
2.44122 	-2.15574e-122
2.44622 	-2.41863e-122
2.45123 	1.34288e-121
2.45623 	7.89223e-121
2.46123 	1.44416e-120
2.46623 	2.09909e-120
2.47124 	2.75403e-120
2.47624 	3.40896e-120
2.48124 	4.0639e-120
2.48624 	4.71883e-120
2.49125 	5.37377e-120
2.49625 	6.02871e-120
2.50125 	-3.42704e-119
2.50625 	-1.97431e-118
2.51126 	-3.60593e-118
2.51626 	-5.23754e-118
2.52126 	-6.86915e-118
2.52626 	-8.50076e-118
2.53127 	-1.01324e-117
2.53627 	-1.1764e-117
2.54127 	-1.33956e-117
2.54627 	-1.50272e-117
2.55128 	8.74086e-117
2.55628 	4.93885e-116
2.56128 	9.00361e-116
2.56628 	1.30684e-115
2.57129 	1.71331e-115
2.57629 	2.11979e-115
2.58129 	2.52626e-115
2.58629 	2.93274e-115
2.5913 	3.33922e-115
2.5963 	3.74569e-115
2.6013 	-2.2282e-114
2.6063 	-1.23546e-113
2.61131 	-2.24809e-113
2.61631 	-3.26073e-113
2.62131 	-4.27336e-113
2.62631 	-5.286e-113
2.63132 	-6.29863e-113
2.63632 	-7.31127e-113
2.64132 	-8.32391e-113
2.64632 	-9.33654e-113
2.65133 	5.67716e-112
2.65633 	3.09045e-111
2.66133 	5.61319e-111
2.66633 	8.13592e-111
2.67134 	1.06587e-110
2.67634 	1.31814e-110
2.68134 	1.57041e-110
2.68634 	1.82269e-110
2.69135 	2.07496e-110
2.69635 	2.32723e-110
2.70135 	-1.44575e-109
2.70635 	-7.73053e-109
2.71136 	-1.40153e-108
2.71636 	-2.03001e-108
2.72136 	-2.65849e-108
2.72636 	-3.28696e-108
2.73137 	-3.91544e-108
2.73637 	-4.54392e-108
2.74137 	-5.1724e-108
2.74637 	-5.80087e-108
2.75138 	3.68002e-107
2.75638 	1.9337e-106
2.76138 	3.4994e-106
2.76638 	5.0651e-106
2.77139 	6.6308e-106
2.77639 	8.19649e-106
2.78139 	9.76219e-106
2.78639 	1.13279e-105
2.7914 	1.28936e-105
2.7964 	1.44593e-105
2.8014 	-9.3629e-105
2.8064 	-4.83684e-104
2.81141 	-8.7374e-104
2.81641 	-1.2638e-103
2.82141 	-1.65385e-103
2.82641 	-2.04391e-103
2.83142 	-2.43396e-103
2.83642 	-2.82402e-103
2.84142 	-3.21407e-103
2.84642 	-3.60413e-103
2.85143 	2.38112e-102
2.85643 	1.20984e-101
2.86143 	2.18157e-101
2.86643 	3.1533e-101
2.87144 	4.12502e-101
2.87644 	5.09675e-101
2.88144 	6.06848e-101
2.88644 	7.04021e-101
2.89145 	8.01194e-101
2.89645 	8.98366e-101
2.90145 	-6.05303e-100
2.90645 	-3.02613e-99
2.91146 	-5.44695e-99
2.91646 	-7.86777e-99
2.92146 	-1.02886e-98
2.92646 	-1.27094e-98
2.93147 	-1.51302e-98
2.93647 	-1.75511e-98
2.94147 	-1.99719e-98
2.94647 	-2.23927e-98
2.95148 	1.53812e-97
2.95648 	7.56901e-97
2.96148 	1.35999e-96
2.96648 	1.96308e-96
2.97149 	2.56617e-96
2.97649 	3.16926e-96
2.98149 	3.77235e-96
2.98649 	4.37543e-96
2.9915 	4.97852e-96
2.9965 	5.58161e-96
3.0015 	-3.90697e-95
3.0065 	-1.89315e-94
3.01151 	-3.39559e-94
3.01651 	-4.89804e-94
3.02151 	-6.40049e-94
3.02651 	-7.90294e-94
3.03152 	-9.40539e-94
3.03652 	-1.09078e-93
3.04152 	-1.24103e-93
3.04652 	-1.39127e-93
3.05153 	9.92041e-93
3.05653 	4.73502e-92
3.06153 	8.47801e-92
3.06653 	1.2221e-91
3.07154 	1.5964e-91
3.07654 	1.9707e-91
3.08154 	2.34499e-91
3.08654 	2.71929e-91
3.09155 	3.09359e-91
3.09655 	3.46789e-91
3.10155 	-2.51805e-90
3.10655 	-1.18428e-89
3.11156 	-2.11675e-89
3.11656 	-3.04922e-89
3.12156 	-3.9817e-89
3.12656 	-4.91417e-89
3.13157 	-5.84664e-89
3.13657 	-6.77912e-89
3.14157 	-7.71159e-89
3.14657 	-8.64406e-89
3.15158 	6.38926e-88
3.15658 	2.96195e-87
3.16158 	5.28498e-87
3.16658 	7.60801e-87
3.17159 	9.93104e-87
3.17659 	1.22541e-86
3.18159 	1.45771e-86
3.18659 	1.69001e-86
3.1916 	1.92232e-86
3.1966 	2.15462e-86
3.2016 	-1.62066e-85
3.2066 	-7.40792e-85
3.21161 	-1.31952e-84
3.21661 	-1.89824e-84
3.22161 	-2.47697e-84
3.22661 	-3.0557e-84
3.23162 	-3.63442e-84
3.23662 	-4.21315e-84
3.24162 	-4.79187e-84
3.24662 	-5.3706e-84
3.25163 	4.10958e-83
3.25663 	1.85271e-82
3.26163 	3.29447e-82
3.26663 	4.73622e-82
3.27164 	6.17797e-82
3.27664 	7.61973e-82
3.28164 	9.06148e-82
3.28664 	1.05032e-81
3.29165 	1.1945e-81
3.29665 	1.33867e-81
3.30165 	-1.04176e-80
3.30665 	-4.63354e-80
3.31166 	-8.22531e-80
3.31666 	-1.18171e-79
3.32166 	-1.54089e-79
3.32666 	-1.90006e-79
3.33167 	-2.25924e-79
3.33667 	-2.61842e-79
3.34167 	-2.9776e-79
3.34667 	-3.33678e-79
3.35168 	2.64003e-78
3.35668 	1.15881e-77
3.36168 	2.05361e-77
3.36668 	2.94841e-77
3.37169 	3.84322e-77
3.37669 	4.73802e-77
3.38169 	5.63282e-77
3.38669 	6.52763e-77
3.3917 	7.42243e-77
3.3967 	8.31723e-77
3.4017 	-6.68845e-76
3.4067 	-2.89803e-75
3.41171 	-5.12721e-75
3.41671 	-7.3564e-75
3.42171 	-9.58558e-75
3.42671 	-1.18148e-74
3.43172 	-1.4044e-74
3.43672 	-1.62731e-74
3.44172 	-1.85023e-74
3.44672 	-2.07315e-74
3.45173 	1.69403e-73
3.45673 	7.2475e-73
3.46173 	1.2801e-72
3.46673 	1.83544e-72
3.47174 	2.39079e-72
3.47674 	2.94614e-72
3.48174 	3.50148e-72
3.48674 	4.05683e-72
3.49175 	4.61218e-72
3.49675 	5.16752e-72
3.50175 	-4.28944e-71
3.50675 	-1.81245e-70
3.51176 	-3.19597e-70
3.51676 	-4.57948e-70
3.52176 	-5.96299e-70
3.52676 	-7.3465e-70
3.53177 	-8.73001e-70
3.53677 	-1.01135e-69
3.54177 	-1.1497e-69
3.54677 	-1.28805e-69
3.55178 	1.08584e-68
3.55678 	4.53252e-68
3.56178 	7.9792e-68
3.56678 	1.14259e-67
3.57179 	1.48726e-67
3.57679 	1.83192e-67
3.58179 	2.17659e-67
3.58679 	2.52126e-67
3.5918 	2.86593e-67
3.5968 	3.2106e-67
3.6018 	-2.74804e-66
3.6068 	-1.13346e-65
3.61181 	-1.99212e-65
3.61681 	-2.85077e-65
3.62181 	-3.70943e-65
3.62681 	-4.56808e-65
3.63182 	-5.42674e-65
3.63682 	-6.2854e-65
3.64182 	-7.14405e-65
3.64682 	-8.00271e-65
3.65183 	6.95303e-64
3.65683 	2.83443e-63
3.66183 	4.97357e-63
3.66683 	7.1127e-63
3.67184 	9.25183e-63
3.67684 	1.1391e-62
3.68184 	1.35301e-62
3.68684 	1.56692e-62
3.69185 	1.78084e-62
3.69685 	1.99475e-62
3.70185 	-1.75882e-61
3.70685 	-7.08795e-61
3.71186 	-1.24171e-60
3.71686 	-1.77462e-60
3.72186 	-2.30753e-60
3.72686 	-2.84044e-60
3.73187 	-3.37336e-60
3.73687 	-3.90627e-60
3.74187 	-4.43918e-60
3.74687 	-4.97209e-60
3.75188 	4.44806e-59
3.75688 	1.77243e-58
3.76188 	3.10005e-58
3.76688 	4.42767e-58
3.77189 	5.75529e-58
3.77689 	7.08291e-58
3.78189 	8.41053e-58
3.78689 	9.73815e-58
3.7919 	1.10658e-57
3.7969 	1.23934e-57
3.8019 	-1.12466e-56
3.8069 	-4.43211e-56
3.81191 	-7.73955e-56
3.81691 	-1.1047e-55
3.82191 	-1.43544e-55
3.82691 	-1.76619e-55
3.83192 	-2.09693e-55
3.83692 	-2.42768e-55
3.84192 	-2.75842e-55
3.84692 	-3.08916e-55
3.85193 	2.84302e-54
3.85693 	1.10827e-53
3.86193 	1.93224e-53
3.86693 	2.75621e-53
3.87194 	3.58018e-53
3.87694 	4.40415e-53
3.88194 	5.22811e-53
3.88694 	6.05208e-53
3.89195 	6.87605e-53
3.89695 	7.70002e-53
3.90195 	-7.18533e-52
3.90695 	-2.77125e-51
3.91196 	-4.82397e-51
3.91696 	-6.87668e-51
3.92196 	-8.9294e-51
3.92696 	-1.09821e-50
3.93197 	-1.30348e-50
3.93697 	-1.50875e-50
3.94197 	-1.71403e-50
3.94697 	-1.9193e-50
3.95198 	1.81562e-49
3.95698 	6.92946e-49
3.96198 	1.20433e-48
3.96698 	1.71571e-48
3.97199 	2.2271e-48
3.97699 	2.73848e-48
3.98199 	3.24987e-48
3.98699 	3.76125e-48
3.992 	4.27263e-48
3.997 	4.78402e-48
4.002 	-4.58687e-47
4.007 	-1.73268e-46
4.01201 	-3.00666e-46
4.01701 	-4.28065e-46
4.02201 	-5.55464e-46
4.02701 	-6.82863e-46
4.03202 	-8.10262e-46
4.03702 	-9.37661e-46
4.04202 	-1.06506e-45
4.04702 	-1.19246e-45
4.05203 	1.15858e-44
4.05703 	4.33241e-44
4.06203 	7.50624e-44
4.06703 	1.06801e-43
4.07204 	1.38539e-43
4.07704 	1.70277e-43
4.08204 	2.02016e-43
4.08704 	2.33754e-43
4.09205 	2.65492e-43
4.09705 	2.97231e-43
4.10205 	-2.92584e-42
4.10705 	-1.08327e-41
4.11206 	-1.87395e-41
4.11706 	-2.66463e-41
4.12206 	-3.45531e-41
4.12706 	-4.246e-41
4.13207 	-5.03668e-41
4.13707 	-5.82736e-41
4.14207 	-6.61804e-41
4.14707 	-7.40873e-41
4.15208 	7.38751e-40
4.15708 	2.70854e-39
4.16208 	4.67834e-39
4.16708 	6.64813e-39
4.17209 	8.61792e-39
4.17709 	1.05877e-38
4.18209 	1.25575e-38
4.18709 	1.45273e-38
4.1921 	1.64971e-38
4.1971 	1.84669e-38
4.2021 	-1.86495e-37
4.2071 	-6.77221e-37
4.21211 	-1.16795e-36
4.21711 	-1.65867e-36
4.22211 	-2.1494e-36
4.22711 	-2.64012e-36
4.23212 	-3.13085e-36
4.23712 	-3.62157e-36
4.24212 	-4.1123e-36
4.24712 	-4.60303e-36
4.25213 	4.7072e-35
4.25713 	1.69324e-34
4.26213 	2.91577e-34
4.26713 	4.13829e-34
4.27214 	5.36081e-34
4.27714 	6.58334e-34
4.28214 	7.80586e-34
4.28714 	9.02838e-34
4.29215 	1.02509e-33
4.29715 	1.14734e-33
4.30215 	-1.18791e-32
4.30715 	-4.23353e-32
4.31216 	-7.27915e-32
4.31716 	-1.03248e-31
4.32216 	-1.33704e-31
4.32716 	-1.6416e-31
4.33217 	-1.94616e-31
4.33717 	-2.25072e-31
4.34217 	-2.55529e-31
4.34717 	-2.85985e-31
4.35218 	2.99733e-30
4.35718 	1.05847e-29
4.36218 	1.81722e-29
4.36718 	2.57596e-29
4.37219 	3.3347e-29
4.37719 	4.09344e-29
4.38219 	4.85218e-29
4.38719 	5.61092e-29
4.3922 	6.36966e-29
4.3972 	7.1284e-29
4.4022 	-1.14474e-25
4.4072 	-3.74812e-25
4.41221 	-6.35151e-25
4.41721 	-8.9549e-25
4.42221 	-1.15583e-24
4.42721 	-1.41617e-24
4.43222 	-1.67651e-24
4.43722 	-1.93685e-24
4.44222 	-2.19718e-24
4.44722 	-2.45752e-24
4.45223 	4.52076e-19
4.45723 	1.46798e-18
4.46223 	2.48389e-18
4.46723 	3.4998e-18
4.47224 	4.5157e-18
4.47724 	5.53161e-18
4.48224 	6.54752e-18
4.48724 	7.56342e-18
4.49225 	8.57933e-18
4.49725 	9.59524e-18
4.50225 	4.56999e-17
4.50725 	1.24691e-16
4.51226 	2.03682e-16
4.51726 	2.82673e-16
4.52226 	3.61664e-16
4.52726 	4.40655e-16
4.53227 	5.19646e-16
4.53727 	5.98637e-16
4.54227 	6.77628e-16
4.54727 	7.56619e-16
4.55228 	2.16095e-15
4.55728 	5.15277e-15
4.56228 	8.14458e-15
4.56728 	1.11364e-14
4.57229 	1.41282e-14
4.57729 	1.712e-14
4.58229 	2.01119e-14
4.58729 	2.31037e-14
4.5923 	2.60955e-14
4.5973 	2.90873e-14
4.6023 	6.45221e-14
4.6073 	1.38042e-13
4.61231 	2.11562e-13
4.61731 	2.85082e-13
4.62231 	3.58602e-13
4.62731 	4.32122e-13
4.63232 	5.05642e-13
4.63732 	5.79162e-13
4.64232 	6.52682e-13
4.64732 	7.26202e-13
4.65233 	1.37801e-12
4.65733 	2.69517e-12
4.66233 	4.01233e-12
4.66733 	5.32949e-12
4.67234 	6.64665e-12
4.67734 	7.96381e-12
4.68234 	9.28096e-12
4.68734 	1.05981e-11
4.69235 	1.19153e-11
4.69735 	1.32324e-11
4.70235 	2.25445e-11
4.70735 	4.08722e-11
4.71236 	5.91999e-11
4.71736 	7.75276e-11
4.72236 	9.58553e-11
4.72736 	1.14183e-10
4.73237 	1.32511e-10
4.73737 	1.50838e-10
4.74237 	1.69166e-10
4.74737 	1.87494e-10
4.75238 	2.94981e-10
4.75738 	5.01012e-10
4.76238 	7.07043e-10
4.76738 	9.13074e-10
4.77239 	1.11911e-09
4.77739 	1.32514e-09
4.78239 	1.53117e-09
4.78739 	1.7372e-09
4.7924 	1.94323e-09
4.7974 	2.14926e-09
4.8024 	3.17878e-09
4.8074 	5.10041e-09
4.81241 	7.02204e-09
4.81741 	8.94367e-09
4.82241 	1.08653e-08
4.82741 	1.27869e-08
4.83242 	1.47086e-08
4.83742 	1.66302e-08
4.84242 	1.85518e-08
4.84742 	2.04734e-08
4.85243 	2.88125e-08
4.85743 	4.3966e-08
4.86243 	5.91195e-08
4.86743 	7.4273e-08
4.87244 	8.94265e-08
4.87744 	1.0458e-07
4.88244 	1.19734e-07
4.88744 	1.34887e-07
4.89245 	1.50041e-07
4.89745 	1.65194e-07
4.90245 	2.23115e-07
4.90745 	3.2555e-07
4.91246 	4.27985e-07
4.91746 	5.3042e-07
4.92246 	6.32855e-07
4.92746 	7.35289e-07
4.93247 	8.37724e-07
4.93747 	9.40159e-07
4.94247 	1.04259e-06
4.94747 	1.14503e-06
4.95248 	1.49358e-06
4.95748 	2.09323e-06
4.96248 	2.69288e-06
4.96748 	3.29253e-06
4.97249 	3.89218e-06
4.97749 	4.49182e-06
4.98249 	5.09147e-06
4.98749 	5.69112e-06
4.9925 	6.29077e-06
4.9975 	6.89042e-06
5.0025 	8.72161e-06
5.0075 	1.17843e-05
5.01251 	1.48471e-05
5.01751 	1.79098e-05
5.02251 	2.09725e-05
5.02751 	2.40353e-05
5.03252 	2.7098e-05
5.03752 	3.01607e-05
5.04252 	3.32235e-05
5.04752 	3.62862e-05
5.05253 	4.47315e-05
5.05753 	5.84528e-05
5.06253 	7.21741e-05
5.06753 	8.58954e-05
5.07254 	9.96167e-05
5.07754 	0.000113338
5.08254 	0.000127059
5.08754 	0.000140781
5.09255 	0.000154502
5.09755 	0.000168223
5.10255 	0.000202541
5.10755 	0.000256649
5.11256 	0.000310756
5.11756 	0.000364864
5.12256 	0.000418971
5.12756 	0.000473079
5.13257 	0.000527186
5.13757 	0.000581294
5.14257 	0.000635401
5.14757 	0.000689508
5.15258 	0.000812636
5.15758 	0.00100076
5.16258 	0.00118889
5.16758 	0.00137702
5.17259 	0.00156514
5.17759 	0.00175327
5.18259 	0.0019414
5.18759 	0.00212952
5.1926 	0.00231765
5.1976 	0.00250578
5.2026 	0.00289598
5.2076 	0.00347271
5.21261 	0.00404944
5.21761 	0.00462616
5.22261 	0.00520289
5.22761 	0.00577962
5.23262 	0.00635635
5.23762 	0.00693308
5.24262 	0.00750981
5.24762 	0.00808654
5.25263 	0.00917731
5.25763 	0.0107332
5.26263 	0.012289
5.26763 	0.0138449
5.27264 	0.0154007
5.27764 	0.0169566
5.28264 	0.0185124
5.28764 	0.0200683
5.29265 	0.0216241
5.29765 	0.02318
5.30265 	0.0258602
5.30765 	0.0295374
5.31266 	0.0332146
5.31766 	0.0368918
5.32266 	0.040569
5.32766 	0.0442462
5.33267 	0.0479234
5.33767 	0.0516006
5.34267 	0.0552778
5.34767 	0.058955
5.35268 	0.0647058
5.35768 	0.072259
5.36268 	0.0798122
5.36768 	0.0873654
5.37269 	0.0949186
5.37769 	0.102472
5.38269 	0.110025
5.38769 	0.117578
5.3927 	0.125131
5.3977 	0.132685
5.4027 	0.143336
5.4077 	0.156628
5.41271 	0.169919
5.41771 	0.183211
5.42271 	0.196503
5.42771 	0.209794
5.43272 	0.223086
5.43772 	0.236377
5.44272 	0.249669
5.44772 	0.26296
5.45273 	0.279633
5.45773 	0.299128
5.46273 	0.318622
5.46773 	0.338117
5.47274 	0.357612
5.47774 	0.377107
5.48274 	0.396602
5.48774 	0.416097
5.49275 	0.435592
5.49775 	0.455087
5.50275 	0.476268
5.50775 	0.498829
5.51276 	0.521389
5.51776 	0.54395
5.52276 	0.566511
5.52776 	0.589072
5.53277 	0.611632
5.53777 	0.634193
5.54277 	0.656754
5.54777 	0.679315
5.55278 	0.699715
5.55778 	0.718384
5.56278 	0.737053
5.56778 	0.755721
5.57279 	0.77439
5.57779 	0.793059
5.58279 	0.811727
5.58779 	0.830396
5.5928 	0.849064
5.5978 	0.867733
5.6028 	0.881325
5.6078 	0.890928
5.61281 	0.90053
5.61781 	0.910133
5.62281 	0.919736
5.62781 	0.929339
5.63282 	0.938941
5.63782 	0.948544
5.64282 	0.958147
5.64782 	0.96775
5.65283 	0.973364
5.65783 	0.975907
5.66283 	0.97845
5.66783 	0.980993
5.67284 	0.983536
5.67784 	0.986079
5.68284 	0.988622
5.68784 	0.991165
5.69285 	0.993708
5.69785 	0.996252
5.70285 	0.997493
5.70785 	0.997751
5.71286 	0.99801
5.71786 	0.998269
5.72286 	0.998527
5.72786 	0.998786
5.73287 	0.999045
5.73787 	0.999304
5.74287 	0.999562
5.74787 	0.999821
5.75288 	0.999935
5.75788 	0.999942
5.76288 	0.999949
5.76788 	0.999956
5.77289 	0.999962
5.77789 	0.999969
5.78289 	0.999976
5.78789 	0.999983
5.7929 	0.99999
5.7979 	0.999997
5.8029 	1
5.8079 	1
5.81291 	1
5.81791 	1
5.82291 	1
5.82791 	1
5.83292 	1
5.83792 	1
5.84292 	1
5.84792 	1
5.85293 	1
5.85793 	1
5.86293 	1
5.86793 	1
5.87294 	1
5.87794 	1
5.88294 	1
5.88794 	1
5.89295 	1
5.89795 	1
5.90295 	1
5.90795 	1
5.91296 	1
5.91796 	0.999999
5.92296 	0.999999
5.92796 	0.999999
5.93297 	0.999999
5.93797 	0.999999
5.94297 	0.999999
5.94797 	0.999999
5.95298 	0.999998
5.95798 	0.999998
5.96298 	0.999997
5.96798 	0.999997
5.97299 	0.999996
5.97799 	0.999995
5.98299 	0.999995
5.98799 	0.999994
5.993 	0.999994
5.998 	0.999993
6.003 	0.999991
6.008 	0.999988
6.01301 	0.999985
6.01801 	0.999982
6.02301 	0.999979
6.02801 	0.999976
6.03302 	0.999973
6.03802 	0.99997
6.04302 	0.999966
6.04802 	0.999963
6.05303 	0.999954
6.05803 	0.99994
6.06303 	0.999926
6.06803 	0.999913
6.07304 	0.999899
6.07804 	0.999885
6.08304 	0.999872
6.08804 	0.999858
6.09305 	0.999844
6.09805 	0.99983
6.10305 	0.999792
6.10805 	0.999738
6.11306 	0.999684
6.11806 	0.99963
6.12306 	0.999576
6.12806 	0.999522
6.13307 	0.999467
6.13807 	0.999413
6.14307 	0.999359
6.14807 	0.999305
6.15308 	0.999169
6.15808 	0.99898
6.16308 	0.998792
6.16808 	0.998604
6.17309 	0.998416
6.17809 	0.998228
6.18309 	0.99804
6.18809 	0.997852
6.1931 	0.997664
6.1981 	0.997475
6.2031 	0.997046
6.2081 	0.99647
6.21311 	0.995893
6.21811 	0.995316
6.22311 	0.994739
6.22811 	0.994163
6.23312 	0.993586
6.23812 	0.993009
6.24312 	0.992432
6.24812 	0.991856
6.25313 	0.990667
6.25813 	0.989111
6.26313 	0.987555
6.26813 	0.985999
6.27314 	0.984444
6.27814 	0.982888
6.28314 	0.981332
6.28814 	0.979776
6.29315 	0.97822
6.29815 	0.976664
6.30315 	0.973772
6.30815 	0.970095
6.31316 	0.966418
6.31816 	0.96274
6.32316 	0.959063
6.32816 	0.955386
6.33317 	0.951709
6.33817 	0.948032
6.34317 	0.944354
6.34817 	0.940677
6.35318 	0.934539
6.35818 	0.926985
6.36318 	0.919432
6.36818 	0.911879
6.37319 	0.904326
6.37819 	0.896773
6.38319 	0.88922
6.38819 	0.881666
6.3932 	0.874113
6.3982 	0.86656
6.4032 	0.855334
6.4082 	0.842043
6.41321 	0.828751
6.41821 	0.81546
6.42321 	0.802168
6.42821 	0.788877
6.43322 	0.775585
6.43822 	0.762293
6.44322 	0.749002
6.44822 	0.73571
6.45323 	0.718418
6.45823 	0.698923
6.46323 	0.679428
6.46823 	0.659933
6.47324 	0.640438
6.47824 	0.620943
6.48324 	0.601449
6.48824 	0.581954
6.49325 	0.562459
6.49825 	0.542964
6.50325 	0.521476
6.50825 	0.498915
6.51326 	0.476355
6.51826 	0.453794
6.52326 	0.431233
6.52826 	0.408672
6.53327 	0.386112
6.53827 	0.363551
6.54327 	0.34099
6.54827 	0.318429
6.55328 	0.298418
6.55828 	0.279749
6.56328 	0.261081
6.56828 	0.242412
6.57329 	0.223743
6.57829 	0.205075
6.58329 	0.186406
6.58829 	0.167738
6.5933 	0.149069
6.5983 	0.1304
6.6033 	0.117715
6.6083 	0.108112
6.61331 	0.0985097
6.61831 	0.0889069
6.62331 	0.0793041
6.62831 	0.0697014
6.63332 	0.0600986
6.63832 	0.0504959
6.64332 	0.0408931
6.64832 	0.0312904
6.65333 	0.0263823
6.65833 	0.0238391
6.66333 	0.021296
6.66833 	0.0187529
6.67334 	0.0162098
6.67834 	0.0136667
6.68334 	0.0111235
6.68834 	0.00858041
6.69335 	0.00603729
6.69835 	0.00349417
6.70335 	0.0024816
6.70835 	0.00222288
6.71336 	0.00196416
6.71836 	0.00170545
6.72336 	0.00144673
6.72836 	0.00118801
6.73337 	0.000929298
6.73837 	0.000670581
6.74337 	0.000411865
6.74837 	0.000153148
6.75338 	6.4423e-05
6.75838 	5.75455e-05
6.76338 	5.06679e-05
6.76838 	4.37904e-05
6.77339 	3.69129e-05
6.77839 	3.00354e-05
6.78339 	2.31579e-05
6.78839 	1.62804e-05
6.7934 	9.40285e-06
6.7984 	2.52533e-06
6.8034 	3.02462e-07
6.8084 	2.70013e-07
6.81341 	2.37563e-07
6.81841 	2.05114e-07
6.82341 	1.72664e-07
6.82841 	1.40215e-07
6.83342 	1.07765e-07
6.83842 	7.53153e-08
6.84342 	4.28657e-08
6.84842 	1.04161e-08
6.85343 	1.81152e-10
6.85843 	1.61696e-10
6.86343 	1.4224e-10
6.86843 	1.22783e-10
6.87344 	1.03327e-10
6.87844 	8.387e-11
6.88344 	6.44136e-11
6.88844 	4.49571e-11
6.89345 	2.55006e-11
6.89845 	6.04411e-12
6.90345 	1.17333e-14
6.90845 	1.04724e-14
6.91346 	9.21153e-15
6.91846 	7.95064e-15
6.92346 	6.68975e-15
6.92846 	5.42886e-15
6.93347 	4.16797e-15
6.93847 	2.90708e-15
6.94347 	1.64619e-15
6.94847 	3.85297e-16
6.95348 	6.7527e-19
6.95848 	6.02665e-19
6.96348 	5.3006e-19
6.96848 	4.57455e-19
6.97349 	3.84849e-19
6.97849 	3.12244e-19
6.98349 	2.39639e-19
6.98849 	1.67034e-19
6.9935 	9.44286e-20
6.9985 	2.18233e-20
7.0035 	3.88612e-23
7.0085 	3.46806e-23
7.01351 	3.05e-23
7.01851 	2.63193e-23
7.02351 	2.21387e-23
7.02851 	1.79581e-23
7.03352 	1.37775e-23
7.03852 	9.59688e-24
7.04352 	5.41626e-24
7.04852 	1.23564e-24
7.05353 	2.19652e-27
7.05853 	1.96009e-27
7.06353 	1.72367e-27
7.06853 	1.48724e-27
7.07354 	1.25082e-27
7.07854 	1.01439e-27
7.08354 	7.77969e-28
7.08854 	5.41544e-28
7.09355 	3.05119e-28
7.09855 	6.86945e-29
7.10355 	1.21949e-31
7.10855 	1.08816e-31
7.11356 	9.56828e-32
7.11856 	8.25496e-32
7.12356 	6.94164e-32
7.12856 	5.62831e-32
7.13357 	4.31499e-32
7.13857 	3.00167e-32
7.14357 	1.68834e-32
7.14857 	3.75017e-33
7.15358 	6.68633e-36
7.15858 	5.96586e-36
7.16358 	5.2454e-36
7.16858 	4.52493e-36
7.17359 	3.80446e-36
7.17859 	3.08399e-36
7.18359 	2.36353e-36
7.18859 	1.64306e-36
7.1936 	9.22591e-37
7.1986 	2.02124e-37
7.2036 	3.64345e-40
7.2086 	3.25065e-40
7.21361 	2.85784e-40
7.21861 	2.46504e-40
7.22361 	2.07224e-40
7.22861 	1.67944e-40
7.23362 	1.28664e-40
7.23862 	8.93837e-41
7.24362 	5.01036e-41
7.24862 	1.08234e-41
7.25363 	1.98389e-44
7.25863 	1.76989e-44
7.26363 	1.55589e-44
7.26863 	1.34189e-44
7.27364 	1.1279e-44
7.27864 	9.13896e-45
7.28364 	6.99896e-45
7.28864 	4.85896e-45
7.29365 	2.71896e-45
7.29865 	5.78968e-46
7.30365 	1.08319e-48
7.30865 	9.66284e-49
7.31366 	8.49379e-49
7.31866 	7.32474e-49
7.32366 	6.15569e-49
7.32866 	4.98664e-49
7.33367 	3.81759e-49
7.33867 	2.64854e-49
7.34367 	1.47949e-49
7.34867 	3.10439e-50
7.35368 	5.93672e-53
7.35868 	5.29565e-53
7.36368 	4.65457e-53
7.36868 	4.01349e-53
7.37369 	3.37242e-53
7.37869 	2.73134e-53
7.38369 	2.09026e-53
7.38869 	1.44919e-53
7.3937 	8.08109e-54
7.3987 	1.67032e-54
7.4037 	3.26372e-57
7.4087 	2.91109e-57
7.41371 	2.55847e-57
7.41871 	2.20585e-57
7.42371 	1.85323e-57
7.42871 	1.5006e-57
7.43372 	1.14798e-57
7.43872 	7.95358e-58
7.44372 	4.42735e-58
7.44872 	9.01129e-59
7.45373 	1.79671e-61
7.45873 	1.60249e-61
7.46373 	1.40826e-61
7.46873 	1.21403e-61
7.47374 	1.0198e-61
7.47874 	8.25575e-62
7.48374 	6.31347e-62
7.48874 	4.37119e-62
7.49375 	2.42892e-62
7.49875 	4.86638e-63
7.50375 	9.88886e-66
7.50875 	8.81928e-66
7.51376 	7.7497e-66
7.51876 	6.68012e-66
7.52376 	5.61054e-66
7.52876 	4.54096e-66
7.53377 	3.47138e-66
7.53877 	2.4018e-66
7.54377 	1.33222e-66
7.54877 	2.62635e-67
7.55378 	5.43597e-70
7.55878 	4.8477e-70
7.56378 	4.25942e-70
7.56878 	3.67115e-70
7.57379 	3.08288e-70
7.57879 	2.4946e-70
7.58379 	1.90633e-70
7.58879 	1.31806e-70
7.5938 	7.29782e-71
7.5988 	1.41509e-71
7.6038 	2.98363e-74
7.6088 	2.66057e-74
7.61381 	2.33751e-74
7.61881 	2.01445e-74
7.62381 	1.69139e-74
7.62881 	1.36833e-74
7.63382 	1.04528e-74
7.63882 	7.22215e-75
7.64382 	3.99156e-75
7.64882 	7.60961e-76
7.65383 	1.63552e-78
7.65883 	1.45833e-78
7.66383 	1.28115e-78
7.66883 	1.10396e-78
7.67384 	9.26775e-79
7.67884 	7.4959e-79
7.68384 	5.72405e-79
7.68884 	3.9522e-79
7.69385 	2.18035e-79
7.69885 	4.08496e-80
7.70385 	8.95797e-83
7.70885 	7.98697e-83
7.71386 	7.01598e-83
7.71886 	6.04498e-83
7.72386 	5.07399e-83
7.72886 	4.10299e-83
7.73387 	3.13199e-83
7.73887 	2.161e-83
7.74387 	1.19e-83
7.74887 	2.19006e-84
7.75388 	4.90459e-87
7.75888 	4.37267e-87
7.76388 	3.84075e-87
7.76888 	3.30883e-87
7.77389 	2.77691e-87
7.77889 	2.24499e-87
7.78389 	1.71307e-87
7.78889 	1.18115e-87
7.7939 	6.49233e-88
7.7989 	1.17314e-88
7.8039 	2.68504e-91
7.8089 	2.39368e-91
7.81391 	2.10232e-91
7.81891 	1.81096e-91
7.82391 	1.5196e-91
7.82891 	1.22824e-91
7.83392 	9.36882e-92
7.83892 	6.45522e-92
7.84392 	3.54162e-92
7.84892 	6.28019e-93
7.85393 	1.46989e-95
7.85893 	1.3103e-95
7.86393 	1.15071e-95
7.86893 	9.91127e-96
7.87394 	8.31539e-96
7.87894 	6.71952e-96
7.88394 	5.12364e-96
7.88894 	3.52776e-96
7.89395 	1.93188e-96
7.89895 	3.36008e-97
7.90395 	8.04581e-100
7.90895 	7.17179e-100
7.91396 	6.29778e-100
7.91896 	5.42376e-100
7.92396 	4.54974e-100
7.92896 	3.67572e-100
7.93397 	2.80171e-100
7.93897 	1.92769e-100
7.94397 	1.05367e-100
7.94897 	1.79652e-101
7.95398 	4.40296e-104
7.95898 	3.92441e-104
7.96398 	3.44585e-104
7.96898 	2.9673e-104
7.97399 	2.48875e-104
7.97899 	2.01019e-104
7.98399 	1.53164e-104
7.98899 	1.05308e-104
7.994 	5.74527e-105
7.999 	9.59727e-106
8.004 	2.40854e-108
8.009 	2.14662e-108
8.01401 	1.88469e-108
8.01901 	1.62277e-108
8.02401 	1.36084e-108
8.02901 	1.09892e-108
8.03402 	8.36993e-109
8.03902 	5.75068e-109
8.04402 	3.13144e-109
8.04902 	5.12186e-110
8.05403 	1.31693e-112
8.05903 	1.17364e-112
8.06403 	1.03035e-112
8.06903 	8.87056e-113
8.07404 	7.43764e-113
8.07904 	6.00472e-113
8.08404 	4.5718e-113
8.08904 	3.13888e-113
8.09405 	1.70596e-113
8.09905 	2.73038e-114
8.10405 	7.19717e-117
8.10905 	6.41364e-117
8.11406 	5.6301e-117
8.11906 	4.84657e-117
8.12406 	4.06304e-117
8.12906 	3.27951e-117
8.13407 	2.49598e-117
8.13907 	1.71245e-117
8.14407 	9.28913e-118
8.14907 	1.45381e-118
8.15408 	3.93149e-121
8.15908 	3.50325e-121
8.16408 	3.07501e-121
8.16908 	2.64677e-121
8.17409 	2.21852e-121
8.17909 	1.79028e-121
8.18409 	1.36204e-121
8.18909 	9.338e-122
8.1941 	5.05559e-122
8.1991 	7.73173e-123
8.2041 	2.14667e-125
8.2091 	1.91271e-125
8.21411 	1.67875e-125
8.21911 	1.4448e-125
8.22411 	1.21084e-125
8.22911 	9.7689e-126
8.23412 	7.42935e-126
8.23912 	5.0898e-126
8.24412 	2.75025e-126
8.24912 	4.10698e-127
8.25413 	1.17165e-129
8.25913 	1.04388e-129
8.26413 	9.16122e-130
8.26913 	7.8836e-130
8.27414 	6.60598e-130
8.27914 	5.32836e-130
8.28414 	4.05075e-130
8.28914 	2.77313e-130
8.29415 	1.49551e-130
8.29915 	2.17892e-131
8.30415 	6.39233e-134
8.30915 	5.6949e-134
8.31416 	4.99747e-134
8.31916 	4.30004e-134
8.32416 	3.60261e-134
8.32916 	2.90518e-134
8.33417 	2.20775e-134
8.33917 	1.51032e-134
8.34417 	8.12887e-135
8.34917 	1.15456e-135
8.35418 	3.48621e-138
8.35918 	3.10565e-138
8.36418 	2.72508e-138
8.36918 	2.34451e-138
8.37419 	1.96394e-138
8.37919 	1.58337e-138
8.38419 	1.2028e-138
8.38919 	8.22235e-139
8.3942 	4.41667e-139
8.3992 	6.10984e-140
8.4042 	1.90053e-142
8.4092 	1.69295e-142
8.41421 	1.48537e-142
8.41921 	1.27778e-142
8.42421 	1.0702e-142
8.42921 	8.62618e-143
8.43422 	6.55036e-143
8.43922 	4.47453e-143
8.44422 	2.39871e-143
8.44922 	3.22884e-144
8.45423 	1.03565e-146
8.45923 	9.22474e-147
8.46423 	8.09295e-147
8.46923 	6.96116e-147
8.47424 	5.82936e-147
8.47924 	4.69757e-147
8.48424 	3.56577e-147
8.48924 	2.43398e-147
8.49425 	1.30218e-147
8.49925 	1.70386e-148
8.50425 	5.64114e-151
8.50925 	5.02432e-151
8.51426 	4.4075e-151
8.51926 	3.79069e-151
8.52426 	3.17387e-151
8.52926 	2.55705e-151
8.53427 	1.94023e-151
8.53927 	1.32341e-151
8.54427 	7.06593e-152
8.54927 	8.97745e-153
8.55428 	3.07133e-155
8.55928 	2.73532e-155
8.56428 	2.39931e-155
8.56928 	2.0633e-155
8.57429 	1.72728e-155
8.57929 	1.39127e-155
8.58429 	1.05526e-155
8.58929 	7.19248e-156
8.5943 	3.83236e-156
8.5993 	4.72245e-157
8.6043 	1.67144e-159
8.6093 	1.48848e-159
8.61431 	1.30552e-159
8.61931 	1.12256e-159
8.62431 	9.396e-160
8.62931 	7.5664e-160
8.63432 	5.7368e-160
8.63932 	3.9072e-160
8.64432 	2.07759e-160
8.64932 	2.47992e-161
8.65433 	9.09198e-164
8.65933 	8.0962e-164
8.66433 	7.10043e-164
8.66933 	6.10465e-164
8.67434 	5.10887e-164
8.67934 	4.1131e-164
8.68434 	3.11732e-164
8.68934 	2.12154e-164
8.69435 	1.12577e-164
8.69935 	1.29992e-165
8.70435 	4.94342e-168
8.70935 	4.40171e-168
8.71436 	3.85999e-168
8.71936 	3.31828e-168
8.72436 	2.77657e-168
8.72936 	2.23486e-168
8.73437 	1.69315e-168
8.73937 	1.15143e-168
8.74437 	6.09721e-169
8.74937 	6.80085e-170
8.75438 	2.68656e-172
8.75938 	2.392e-172
8.76438 	2.09744e-172
8.76938 	1.80288e-172
8.77439 	1.50832e-172
8.77939 	1.21375e-172
8.78439 	9.19192e-173
8.78939 	6.24631e-173
8.7944 	3.30069e-173
8.7994 	3.55074e-174
8.8044 	1.45937e-176
8.8094 	1.29927e-176
8.81441 	1.13917e-176
8.81941 	9.79078e-177
8.82441 	8.18981e-177
8.82941 	6.58884e-177
8.83442 	4.98788e-177
8.83942 	3.38691e-177
8.84442 	1.78595e-177
8.84942 	1.8498e-178
8.85443 	7.92371e-181
8.85943 	7.05398e-181
8.86443 	6.18425e-181
8.86943 	5.31452e-181
8.87444 	4.44479e-181
8.87944 	3.57506e-181
8.88444 	2.70533e-181
8.88944 	1.8356e-181
8.89445 	9.65872e-182
8.89945 	9.61423e-183
8.90445 	4.30016e-185
8.90945 	3.82791e-185
8.91446 	3.35565e-185
8.91946 	2.88339e-185
8.92446 	2.41113e-185
8.92946 	1.93887e-185
8.93447 	1.46662e-185
8.93947 	9.94359e-186
8.94447 	5.22101e-186
8.94947 	4.98433e-187
8.95448 	2.33255e-189
8.95948 	2.07624e-189
8.96448 	1.81993e-189
8.96948 	1.56363e-189
8.97449 	1.30732e-189
8.97949 	1.05101e-189
8.98449 	7.94698e-190
8.98949 	5.38388e-190
8.9945 	2.82079e-190
8.9995 	2.57699e-191
9.0045 	1.26463e-193
9.0095 	1.1256e-193
9.01451 	9.86556e-194
9.01951 	8.47517e-194
9.02451 	7.08478e-194
9.02951 	5.6944e-194
9.03452 	4.30401e-194
9.03952 	2.91362e-194
9.04452 	1.52323e-194
9.04952 	1.3284e-195
9.05453 	6.85301e-198
9.05953 	6.09915e-198
9.06453 	5.34529e-198
9.06953 	4.59143e-198
9.07454 	3.83757e-198
9.07954 	3.0837e-198
9.08454 	2.32984e-198
9.08954 	1.57598e-198
9.09455 	8.22118e-199
9.09955 	6.82559e-200
9.10455 	3.71175e-202
9.10955 	3.30322e-202
9.11456 	2.89468e-202
9.11956 	2.48615e-202
9.12456 	2.07762e-202
9.12956 	1.66908e-202
9.13457 	1.26055e-202
9.13957 	8.52015e-203
9.14457 	4.43481e-203
9.14957 	3.49466e-204
9.15458 	2.00934e-206
9.15958 	1.78806e-206
9.16458 	1.56678e-206
9.16958 	1.3455e-206
9.17459 	1.12422e-206
9.17959 	9.02943e-207
9.18459 	6.81663e-207
9.18959 	4.60382e-207
9.1946 	2.39102e-207
9.1996 	1.78222e-208
9.2046 	1.08719e-210
9.2096 	9.67394e-211
9.21461 	8.47601e-211
9.21961 	7.27808e-211
9.22461 	6.08015e-211
9.22961 	4.88221e-211
9.23462 	3.68428e-211
9.23962 	2.48635e-211
9.24462 	1.28842e-211
9.24962 	9.04927e-213
9.25463 	5.8793e-215
9.25963 	5.23113e-215
9.26463 	4.58295e-215
9.26963 	3.93478e-215
9.27464 	3.2866e-215
9.27964 	2.63843e-215
9.28464 	1.99025e-215
9.28964 	1.34207e-215
9.29465 	6.93898e-216
9.29965 	4.57227e-217
9.30465 	3.17773e-219
9.30965 	2.8272e-219
9.31466 	2.47667e-219
9.31966 	2.12614e-219
9.32466 	1.77561e-219
9.32966 	1.42509e-219
9.33467 	1.07456e-219
9.33967 	7.2403e-220
9.34467 	3.73502e-220
9.34967 	2.29737e-221
9.35468 	1.71661e-223
9.35968 	1.52715e-223
9.36468 	1.33769e-223
9.36968 	1.14823e-223
9.37469 	9.58772e-224
9.37969 	7.69312e-224
9.38469 	5.79851e-224
9.38969 	3.90391e-224
9.3947 	2.0093e-224
9.3997 	1.14699e-225
9.4047 	9.26811e-228
9.4097 	8.24463e-228
9.41471 	7.22116e-228
9.41971 	6.19769e-228
9.42471 	5.17421e-228
9.42971 	4.15074e-228
9.43472 	3.12727e-228
9.43972 	2.10379e-228
9.44472 	1.08032e-228
9.44972 	5.68434e-230
9.45473 	5.00113e-232
9.45973 	4.44856e-232
9.46473 	3.89598e-232
9.46973 	3.3434e-232
9.47474 	2.79082e-232
9.47974 	2.23824e-232
9.48474 	1.68566e-232
9.48974 	1.13308e-232
9.49475 	5.80506e-233
9.49975 	2.7927e-234
9.50475 	2.69713e-236
9.50975 	2.39896e-236
9.51476 	2.10078e-236
9.51976 	1.80261e-236
9.52476 	1.50444e-236
9.52976 	1.20627e-236
9.53477 	9.08095e-237
9.53977 	6.09923e-237
9.54477 	3.11751e-237
9.54977 	1.35785e-238
9.55478 	1.45374e-240
9.55978 	1.29294e-240
9.56478 	1.13213e-240
9.56978 	9.71332e-241
9.57479 	8.1053e-241
9.57979 	6.49728e-241
9.58479 	4.88926e-241
9.58979 	3.28123e-241
9.5948 	1.67321e-241
9.5998 	6.51872e-243
9.6048 	7.83105e-245
9.6098 	6.96436e-245
9.61481 	6.09766e-245
9.61981 	5.23097e-245
9.62481 	4.36427e-245
9.62981 	3.49758e-245
9.63482 	2.63088e-245
9.63982 	1.76419e-245
9.64482 	8.97495e-246
9.64982 	3.0801e-247
9.65483 	4.21598e-249
9.65983 	3.74912e-249
9.66483 	3.28226e-249
9.66983 	2.81541e-249
9.67484 	2.34855e-249
9.67984 	1.88169e-249
9.68484 	1.41483e-249
9.68984 	9.47973e-250
9.69485 	4.81115e-250
9.69985 	1.4257e-251
9.70485 	2.26839e-253
9.70985 	2.01706e-253
9.71486 	1.76573e-253
9.71986 	1.5144e-253
9.72486 	1.26307e-253
9.72986 	1.01174e-253
9.73487 	7.6041e-254
9.73987 	5.0908e-254
9.74487 	2.57749e-254
9.74987 	6.41843e-256
9.75488 	1.21977e-257
9.75988 	1.08454e-257
9.76488 	9.49323e-258
9.76988 	8.14102e-258
9.77489 	6.78882e-258
9.77989 	5.43661e-258
9.78489 	4.0844e-258
9.78989 	2.73219e-258
9.7949 	1.37998e-258
9.7999 	2.77709e-260
9.8049 	6.55493e-262
9.8099 	5.82786e-262
9.81491 	5.10079e-262
9.81991 	4.37372e-262
9.82491 	3.64665e-262
9.82991 	2.91958e-262
9.83492 	2.19251e-262
9.83992 	1.46544e-262
9.84492 	7.38366e-263
9.84992 	1.12966e-264
9.85493 	3.52038e-266
9.85993 	3.12968e-266
9.86493 	2.73899e-266
9.86993 	2.34829e-266
9.87494 	1.9576e-266
9.87994 	1.5669e-266
9.88494 	1.1762e-266
9.88994 	7.85508e-267
9.89495 	3.94812e-267
9.89995 	4.11667e-269
9.90495 	1.88946e-270
9.90995 	1.67965e-270
9.91496 	1.46984e-270
9.91996 	1.26003e-270
9.92496 	1.05021e-270
9.92996 	8.40404e-271
9.93497 	6.30594e-271
9.93997 	4.20783e-271
9.94497 	2.10972e-271
9.94997 	1.1616e-273
9.95498 	1.01346e-274
9.95998 	9.00866e-275
9.96498 	7.88272e-275
9.96998 	6.75677e-275
9.97499 	5.63082e-275
9.97999 	4.50488e-275
9.98499 	3.37893e-275
9.98999 	2.25298e-275
9.995 	1.12704e-275
10 	1.09038e-278
