0 	9.94613e-231
0.0050025 	9.90354e-231
0.010005 	9.86095e-231
0.0150075 	9.81836e-231
0.02001 	9.77577e-231
0.0250125 	9.73318e-231
0.030015 	9.69059e-231
0.0350175 	9.648e-231
0.04002 	9.60541e-231
0.0450225 	9.56282e-231
0.050025 	9.57158e-231
0.0550275 	1.98e-230
0.06003 	3.00285e-230
0.0650325 	4.02569e-230
0.070035 	5.04854e-230
0.0750375 	6.07138e-230
0.08004 	7.09423e-230
0.0850425 	8.11707e-230
0.090045 	9.13992e-230
0.0950475 	1.01628e-229
0.10005 	8.62552e-230
0.105053 	-2.4636e-228
0.110055 	-5.01346e-228
0.115058 	-7.56332e-228
0.12006 	-1.01132e-227
0.125063 	-1.2663e-227
0.130065 	-1.52129e-227
0.135068 	-1.77628e-227
0.14007 	-2.03126e-227
0.145073 	-2.28625e-227
0.150075 	-1.58456e-227
0.155078 	6.19384e-226
0.16008 	1.25461e-225
0.165083 	1.88984e-225
0.170085 	2.52507e-225
0.175088 	3.1603e-225
0.18009 	3.79553e-225
0.185093 	4.43076e-225
0.190095 	5.06599e-225
0.195098 	5.70122e-225
0.2001 	3.15871e-225
0.205103 	-1.55093e-223
0.210105 	-3.13345e-223
0.215108 	-4.71597e-223
0.22011 	-6.29849e-223
0.225113 	-7.88101e-223
0.230115 	-9.46353e-223
0.235118 	-1.10461e-222
0.24012 	-1.26286e-222
0.245123 	-1.42111e-222
0.250125 	-5.8979e-223
0.255128 	3.88348e-221
0.26013 	7.82595e-221
0.265133 	1.17684e-220
0.270135 	1.57109e-220
0.275138 	1.96533e-220
0.28014 	2.35958e-220
0.285143 	2.75383e-220
0.290145 	3.14807e-220
0.295148 	3.54232e-220
0.30015 	9.78233e-221
0.305153 	-9.72386e-219
0.310155 	-1.95455e-218
0.315158 	-2.93672e-218
0.32016 	-3.91889e-218
0.325163 	-4.90106e-218
0.330165 	-5.88323e-218
0.335168 	-6.86539e-218
0.34017 	-7.84756e-218
0.345173 	-8.82973e-218
0.350175 	-1.21361e-218
0.355178 	2.4347e-216
0.36018 	4.88153e-216
0.365183 	7.32836e-216
0.370185 	9.77519e-216
0.375188 	1.2222e-215
0.38019 	1.46689e-215
0.385193 	1.71157e-215
0.390195 	1.95625e-215
0.395198 	2.20094e-215
0.4002 	-2.44256e-218
0.405203 	-6.09593e-214
0.410205 	-1.21916e-213
0.415208 	-1.82873e-213
0.42021 	-2.4383e-213
0.425213 	-3.04787e-213
0.430215 	-3.65743e-213
0.435218 	-4.267e-213
0.44022 	-4.87657e-213
0.445223 	-5.48614e-213
0.450225 	7.6538e-214
0.455228 	1.52624e-211
0.46023 	3.04484e-211
0.465233 	4.56343e-211
0.470235 	6.08202e-211
0.475238 	7.60061e-211
0.48024 	9.1192e-211
0.485243 	1.06378e-210
0.490245 	1.21564e-210
0.495248 	1.3675e-210
0.50025 	-3.79836e-211
0.505253 	-3.82118e-209
0.510255 	-7.60438e-209
0.515258 	-1.13876e-208
0.52026 	-1.51708e-208
0.525263 	-1.8954e-208
0.530265 	-2.27372e-208
0.535268 	-2.65204e-208
0.54027 	-3.03036e-208
0.545273 	-3.40868e-208
0.550275 	1.41751e-208
0.555278 	9.56666e-207
0.56028 	1.89916e-206
0.565283 	2.84165e-206
0.570285 	3.78414e-206
0.575288 	4.72663e-206
0.58029 	5.66912e-206
0.585293 	6.61161e-206
0.590295 	7.5541e-206
0.595298 	8.4966e-206
0.6003 	-4.70538e-206
0.605303 	-2.39504e-204
0.610305 	-4.74303e-204
0.615308 	-7.09101e-204
0.62031 	-9.439e-204
0.625313 	-1.1787e-203
0.630315 	-1.4135e-203
0.635318 	-1.6483e-203
0.64032 	-1.88309e-203
0.645323 	-2.11789e-203
0.650325 	1.4647e-203
0.655328 	5.99591e-202
0.66033 	1.18453e-201
0.665333 	1.76948e-201
0.670335 	2.35442e-201
0.675338 	2.93936e-201
0.68034 	3.52431e-201
0.685343 	4.10925e-201
0.690345 	4.69419e-201
0.695348 	5.27914e-201
0.70035 	-4.37757e-201
0.705353 	-1.50102e-199
0.710355 	-2.95826e-199
0.715358 	-4.41551e-199
0.72036 	-5.87275e-199
0.725363 	-7.32999e-199
0.730365 	-8.78724e-199
0.735368 	-1.02445e-198
0.74037 	-1.17017e-198
0.745373 	-1.3159e-198
0.750375 	1.27208e-198
0.755378 	3.75758e-197
0.76038 	7.38794e-197
0.765383 	1.10183e-196
0.770385 	1.46487e-196
0.775388 	1.8279e-196
0.78039 	2.19094e-196
0.785393 	2.55398e-196
0.790395 	2.91701e-196
0.795398 	3.28005e-196
0.8004 	-3.62129e-196
0.805403 	-9.4063e-195
0.810405 	-1.84505e-194
0.815408 	-2.74946e-194
0.82041 	-3.65388e-194
0.825413 	-4.5583e-194
0.830415 	-5.46272e-194
0.835418 	-6.36713e-194
0.84042 	-7.27155e-194
0.845423 	-8.17597e-194
0.850425 	1.01481e-193
0.855428 	2.35462e-192
0.86043 	4.60775e-192
0.865433 	6.86088e-192
0.870435 	9.11402e-192
0.875438 	1.13672e-191
0.88044 	1.36203e-191
0.885443 	1.58734e-191
0.890445 	1.81266e-191
0.895448 	2.03797e-191
0.90045 	-2.80882e-191
0.905453 	-5.89402e-190
0.910455 	-1.15071e-189
0.915458 	-1.71203e-189
0.92046 	-2.27334e-189
0.925463 	-2.83466e-189
0.930465 	-3.39597e-189
0.935468 	-3.95728e-189
0.94047 	-4.5186e-189
0.945473 	-5.07991e-189
0.950475 	7.69667e-189
0.955478 	1.47534e-187
0.96048 	2.87372e-187
0.965483 	4.27209e-187
0.970485 	5.67047e-187
0.975488 	7.06884e-187
0.98049 	8.46722e-187
0.985493 	9.86559e-187
0.990495 	1.1264e-186
0.995498 	1.26623e-186
1.0005 	-2.09162e-186
1.0055 	-3.69287e-185
1.01051 	-7.17658e-185
1.01551 	-1.06603e-184
1.02051 	-1.4144e-184
1.02551 	-1.76277e-184
1.03052 	-2.11114e-184
1.03552 	-2.45951e-184
1.04052 	-2.80788e-184
1.04552 	-3.15626e-184
1.05053 	5.64471e-184
1.05553 	9.24328e-183
1.06053 	1.79221e-182
1.06553 	2.66009e-182
1.07054 	3.52797e-182
1.07554 	4.39585e-182
1.08054 	5.26373e-182
1.08554 	6.13162e-182
1.09055 	6.9995e-182
1.09555 	7.86738e-182
1.10055 	-1.51435e-181
1.10555 	-2.31355e-180
1.11056 	-4.47566e-180
1.11556 	-6.63778e-180
1.12056 	-8.79989e-180
1.12556 	-1.0962e-179
1.13057 	-1.31241e-179
1.13557 	-1.52862e-179
1.14057 	-1.74483e-179
1.14557 	-1.96105e-179
1.15058 	4.04194e-179
1.15558 	5.79057e-178
1.16058 	1.1177e-177
1.16558 	1.65633e-177
1.17059 	2.19497e-177
1.17559 	2.73361e-177
1.18059 	3.27225e-177
1.18559 	3.81088e-177
1.1906 	4.34952e-177
1.1956 	4.88816e-177
1.2006 	-1.07405e-176
1.2056 	-1.44929e-175
1.21061 	-2.79117e-175
1.21561 	-4.13306e-175
1.22061 	-5.47494e-175
1.22561 	-6.81683e-175
1.23062 	-8.15871e-175
1.23562 	-9.5006e-175
1.24062 	-1.08425e-174
1.24562 	-1.21844e-174
1.25063 	2.84287e-174
1.25563 	3.62726e-173
1.26063 	6.97024e-173
1.26563 	1.03132e-172
1.27064 	1.36562e-172
1.27564 	1.69992e-172
1.28064 	2.03422e-172
1.28564 	2.36851e-172
1.29065 	2.70281e-172
1.29565 	3.03711e-172
1.30065 	-7.49873e-172
1.30565 	-9.07808e-171
1.31066 	-1.74063e-170
1.31566 	-2.57345e-170
1.32066 	-3.40627e-170
1.32566 	-4.23909e-170
1.33067 	-5.07191e-170
1.33567 	-5.90474e-170
1.34067 	-6.73756e-170
1.34567 	-7.57038e-170
1.35068 	1.97186e-169
1.35568 	2.27196e-168
1.36068 	4.34673e-168
1.36568 	6.4215e-168
1.37069 	8.49627e-168
1.37569 	1.0571e-167
1.38069 	1.26458e-167
1.38569 	1.47206e-167
1.3907 	1.67953e-167
1.3957 	1.88701e-167
1.4007 	-5.17085e-167
1.4057 	-5.68587e-166
1.41071 	-1.08547e-165
1.41571 	-1.60234e-165
1.42071 	-2.11922e-165
1.42571 	-2.6361e-165
1.43072 	-3.15298e-165
1.43572 	-3.66986e-165
1.44072 	-4.18674e-165
1.44572 	-4.70361e-165
1.45073 	1.35258e-164
1.45573 	1.42293e-163
1.46073 	2.71061e-163
1.46573 	3.99829e-163
1.47074 	5.28596e-163
1.47574 	6.57364e-163
1.48074 	7.86131e-163
1.48574 	9.14899e-163
1.49075 	1.04367e-162
1.49575 	1.17243e-162
1.50075 	-3.53001e-162
1.50575 	-3.56093e-161
1.51076 	-6.76886e-161
1.51576 	-9.97679e-161
1.52076 	-1.31847e-160
1.52576 	-1.63927e-160
1.53077 	-1.96006e-160
1.53577 	-2.28085e-160
1.54077 	-2.60164e-160
1.54577 	-2.92244e-160
1.55078 	9.19374e-160
1.55578 	8.91115e-159
1.56078 	1.69029e-158
1.56578 	2.48947e-158
1.57079 	3.28865e-158
1.57579 	4.08782e-158
1.58079 	4.887e-158
1.58579 	5.68618e-158
1.5908 	6.48536e-158
1.5958 	7.28453e-158
1.6008 	-2.38994e-157
1.6058 	-2.22995e-156
1.61081 	-4.22091e-156
1.61581 	-6.21186e-156
1.62081 	-8.20282e-156
1.62581 	-1.01938e-155
1.63082 	-1.21847e-155
1.63582 	-1.41757e-155
1.64082 	-1.61666e-155
1.64582 	-1.81576e-155
1.65083 	6.20196e-155
1.65583 	5.58018e-154
1.66083 	1.05402e-153
1.66583 	1.55001e-153
1.67084 	2.04601e-153
1.67584 	2.54201e-153
1.68084 	3.03801e-153
1.68584 	3.534e-153
1.69085 	4.03e-153
1.69585 	4.526e-153
1.70085 	-1.60685e-152
1.70585 	-1.39634e-151
1.71086 	-2.632e-151
1.71586 	-3.86766e-151
1.72086 	-5.10332e-151
1.72586 	-6.33897e-151
1.73087 	-7.57463e-151
1.73587 	-8.81029e-151
1.74087 	-1.00459e-150
1.74587 	-1.12816e-150
1.75088 	4.15699e-150
1.75588 	3.49404e-149
1.76088 	6.57238e-149
1.76588 	9.65072e-149
1.77089 	1.27291e-148
1.77589 	1.58074e-148
1.78089 	1.88857e-148
1.78589 	2.19641e-148
1.7909 	2.50424e-148
1.7959 	2.81207e-148
1.8009 	-1.07396e-147
1.8059 	-8.74289e-147
1.81091 	-1.64118e-146
1.81591 	-2.40807e-146
1.82091 	-3.17497e-146
1.82591 	-3.94186e-146
1.83092 	-4.70875e-146
1.83592 	-5.47565e-146
1.84092 	-6.24254e-146
1.84592 	-7.00943e-146
1.85093 	2.77103e-145
1.85593 	2.18763e-144
1.86093 	4.09816e-144
1.86593 	6.00868e-144
1.87094 	7.91921e-144
1.87594 	9.82973e-144
1.88094 	1.17403e-143
1.88594 	1.36508e-143
1.89095 	1.55613e-143
1.89595 	1.74718e-143
1.90095 	-7.14132e-143
1.90595 	-5.47374e-142
1.91096 	-1.02334e-141
1.91596 	-1.4993e-141
1.92096 	-1.97526e-141
1.92596 	-2.45122e-141
1.93097 	-2.92718e-141
1.93597 	-3.40314e-141
1.94097 	-3.8791e-141
1.94597 	-4.35506e-141
1.95098 	1.83837e-140
1.95598 	1.36958e-139
1.96098 	2.55532e-139
1.96598 	3.74106e-139
1.97099 	4.9268e-139
1.97599 	6.11254e-139
1.98099 	7.29828e-139
1.98599 	8.48402e-139
1.991 	9.66976e-139
1.996 	1.08555e-138
2.001 	-4.72756e-138
2.006 	-3.42674e-137
2.01101 	-6.38072e-137
2.01601 	-9.3347e-137
2.02101 	-1.22887e-136
2.02601 	-1.52427e-136
2.03102 	-1.81967e-136
2.03602 	-2.11506e-136
2.04102 	-2.41046e-136
2.04602 	-2.70586e-136
2.05103 	1.21455e-135
2.05603 	8.57368e-135
2.06103 	1.59328e-134
2.06603 	2.32919e-134
2.07104 	3.06511e-134
2.07604 	3.80102e-134
2.08104 	4.53693e-134
2.08604 	5.27284e-134
2.09105 	6.00876e-134
2.09605 	6.74467e-134
2.10105 	-3.11742e-133
2.10605 	-2.14509e-132
2.11106 	-3.97843e-132
2.11606 	-5.81178e-132
2.12106 	-7.64513e-132
2.12606 	-9.47847e-132
2.13107 	-1.13118e-131
2.13607 	-1.31452e-131
2.14107 	-1.49785e-131
2.14607 	-1.68119e-131
2.15108 	7.99467e-131
2.15608 	5.3668e-130
2.16108 	9.93414e-130
2.16608 	1.45015e-129
2.17109 	1.90688e-129
2.17609 	2.36361e-129
2.18109 	2.82035e-129
2.18609 	3.27708e-129
2.1911 	3.73381e-129
2.1961 	4.19055e-129
2.2011 	-2.04857e-128
2.2061 	-1.3427e-127
2.21111 	-2.48054e-127
2.21611 	-3.61838e-127
2.22111 	-4.75622e-127
2.22611 	-5.89406e-127
2.23112 	-7.0319e-127
2.23612 	-8.16973e-127
2.24112 	-9.30757e-127
2.24612 	-1.04454e-126
2.25113 	5.24524e-126
2.25613 	3.35917e-125
2.26113 	6.19382e-125
2.26613 	9.02847e-125
2.27114 	1.18631e-124
2.27614 	1.46978e-124
2.28114 	1.75324e-124
2.28614 	2.03671e-124
2.29115 	2.32017e-124
2.29615 	2.60364e-124
2.30115 	-1.34203e-123
2.30615 	-8.40387e-123
2.31116 	-1.54657e-122
2.31616 	-2.25275e-122
2.32116 	-2.95894e-122
2.32616 	-3.66512e-122
2.33117 	-4.37131e-122
2.33617 	-5.07749e-122
2.34117 	-5.78367e-122
2.34617 	-6.48986e-122
2.35118 	3.43131e-121
2.35618 	2.10242e-120
2.36118 	3.8617e-120
2.36618 	5.62098e-120
2.37119 	7.38027e-120
2.37619 	9.13955e-120
2.38119 	1.08988e-119
2.38619 	1.26581e-119
2.3912 	1.44174e-119
2.3962 	1.61767e-119
2.4012 	-8.76741e-119
2.4062 	-5.25957e-118
2.41121 	-9.64239e-118
2.41621 	-1.40252e-117
2.42121 	-1.8408e-117
2.42621 	-2.27909e-117
2.43122 	-2.71737e-117
2.43622 	-3.15565e-117
2.44122 	-3.59394e-117
2.44622 	-4.03222e-117
2.45123 	2.23878e-116
2.45623 	1.31575e-115
2.46123 	2.40763e-115
2.46623 	3.4995e-115
2.47124 	4.59137e-115
2.47624 	5.68325e-115
2.48124 	6.77512e-115
2.48624 	7.867e-115
2.49125 	8.95887e-115
2.49625 	1.00507e-114
2.50125 	-5.71338e-114
2.50625 	-3.29148e-113
2.51126 	-6.01161e-113
2.51626 	-8.73175e-113
2.52126 	-1.14519e-112
2.52626 	-1.4172e-112
2.53127 	-1.68922e-112
2.53627 	-1.96123e-112
2.54127 	-2.23324e-112
2.54627 	-2.50526e-112
2.55128 	1.45723e-111
2.55628 	8.23379e-111
2.56128 	1.50103e-110
2.56628 	2.17869e-110
2.57129 	2.85635e-110
2.57629 	3.534e-110
2.58129 	4.21166e-110
2.58629 	4.88931e-110
2.5913 	5.56697e-110
2.5963 	6.24463e-110
2.6013 	-3.71475e-109
2.6063 	-2.05969e-108
2.61131 	-3.7479e-108
2.61631 	-5.43612e-108
2.62131 	-7.12433e-108
2.62631 	-8.81254e-108
2.63132 	-1.05008e-107
2.63632 	-1.2189e-107
2.64132 	-1.38772e-107
2.64632 	-1.55654e-107
2.65133 	9.46467e-107
2.65633 	5.15224e-106
2.66133 	9.35801e-106
2.66633 	1.35638e-105
2.67134 	1.77696e-105
2.67634 	2.19753e-105
2.68134 	2.61811e-105
2.68634 	3.03869e-105
2.69135 	3.45926e-105
2.69635 	3.87984e-105
2.70135 	-2.41028e-104
2.70635 	-1.28879e-103
2.71136 	-2.33656e-103
2.71636 	-3.38432e-103
2.72136 	-4.43209e-103
2.72636 	-5.47986e-103
2.73137 	-6.52762e-103
2.73637 	-7.57539e-103
2.74137 	-8.62315e-103
2.74637 	-9.67092e-103
2.75138 	6.13514e-102
2.75638 	3.22377e-101
2.76138 	5.83402e-101
2.76638 	8.44427e-101
2.77139 	1.10545e-100
2.77639 	1.36648e-100
2.78139 	1.6275e-100
2.78639 	1.88853e-100
2.7914 	2.14955e-100
2.7964 	2.41058e-100
2.8014 	-1.56093e-99
2.8064 	-8.06374e-99
2.81141 	-1.45665e-98
2.81641 	-2.10693e-98
2.82141 	-2.75721e-98
2.82641 	-3.4075e-98
2.83142 	-4.05778e-98
2.83642 	-4.70806e-98
2.84142 	-5.35834e-98
2.84642 	-6.00862e-98
2.85143 	3.96969e-97
2.85643 	2.01698e-96
2.86143 	3.637e-96
2.86643 	5.25701e-96
2.87144 	6.87703e-96
2.87644 	8.49704e-96
2.88144 	1.01171e-95
2.88644 	1.17371e-95
2.89145 	1.33571e-95
2.89645 	1.49771e-95
2.90145 	-1.00913e-94
2.90645 	-5.045e-94
2.91146 	-9.08087e-94
2.91646 	-1.31167e-93
2.92146 	-1.71526e-93
2.92646 	-2.11885e-93
2.93147 	-2.52244e-93
2.93647 	-2.92602e-93
2.94147 	-3.32961e-93
2.94647 	-3.7332e-93
2.95148 	2.56427e-92
2.95648 	1.26187e-91
2.96148 	2.2673e-91
2.96648 	3.27274e-91
2.97149 	4.27818e-91
2.97649 	5.28362e-91
2.98149 	6.28906e-91
2.98649 	7.2945e-91
2.9915 	8.29994e-91
2.9965 	9.30537e-91
3.0015 	-6.5135e-90
3.0065 	-3.15615e-89
3.01151 	-5.66096e-89
3.01651 	-8.16576e-89
3.02151 	-1.06706e-88
3.02651 	-1.31754e-88
3.03152 	-1.56802e-88
3.03652 	-1.8185e-88
3.04152 	-2.06898e-88
3.04652 	-2.31946e-88
3.05153 	1.65388e-87
3.05653 	7.89399e-87
3.06153 	1.41341e-86
3.06653 	2.03742e-86
3.07154 	2.66143e-86
3.07654 	3.28544e-86
3.08154 	3.90945e-86
3.08654 	4.53346e-86
3.09155 	5.15747e-86
3.09655 	5.78149e-86
3.10155 	-4.19796e-85
3.10655 	-1.97437e-84
3.11156 	-3.52894e-84
3.11656 	-5.08351e-84
3.12156 	-6.63808e-84
3.12656 	-8.19265e-84
3.13157 	-9.74722e-84
3.13657 	-1.13018e-83
3.14157 	-1.28564e-83
3.14657 	-1.44109e-83
3.15158 	1.06518e-82
3.15658 	4.93802e-82
3.16158 	8.81085e-82
3.16658 	1.26837e-81
3.17159 	1.65565e-81
3.17659 	2.04293e-81
3.18159 	2.43022e-81
3.18659 	2.8175e-81
3.1916 	3.20478e-81
3.1966 	3.59207e-81
3.2016 	-2.70189e-80
3.2066 	-1.23501e-79
3.21161 	-2.19983e-79
3.21661 	-3.16465e-79
3.22161 	-4.12948e-79
3.22661 	-5.0943e-79
3.23162 	-6.05912e-79
3.23662 	-7.02394e-79
3.24162 	-7.98876e-79
3.24662 	-8.95358e-79
3.25163 	6.85127e-78
3.25663 	3.08874e-77
3.26163 	5.49236e-77
3.26663 	7.89598e-77
3.27164 	1.02996e-76
3.27664 	1.27032e-76
3.28164 	1.51068e-76
3.28664 	1.75104e-76
3.29165 	1.99141e-76
3.29665 	2.23177e-76
3.30165 	-1.73677e-75
3.30665 	-7.72479e-75
3.31166 	-1.37128e-74
3.31666 	-1.97008e-74
3.32166 	-2.56889e-74
3.32666 	-3.16769e-74
3.33167 	-3.76649e-74
3.33667 	-4.36529e-74
3.34167 	-4.9641e-74
3.34667 	-5.5629e-74
3.35168 	4.40132e-73
3.35668 	1.9319e-72
3.36168 	3.42367e-72
3.36668 	4.91544e-72
3.37169 	6.40721e-72
3.37669 	7.89898e-72
3.38169 	9.39075e-72
3.38669 	1.08825e-71
3.3917 	1.23743e-71
3.3967 	1.38661e-71
3.4017 	-1.11506e-70
3.4067 	-4.83144e-70
3.41171 	-8.54782e-70
3.41671 	-1.22642e-69
3.42171 	-1.59806e-69
3.42671 	-1.9697e-69
3.43172 	-2.34133e-69
3.43672 	-2.71297e-69
3.44172 	-3.08461e-69
3.44672 	-3.45625e-69
3.45173 	2.8242e-68
3.45673 	1.20827e-67
3.46173 	2.13411e-67
3.46673 	3.05996e-67
3.47174 	3.9858e-67
3.47674 	4.91165e-67
3.48174 	5.83749e-67
3.48674 	6.76334e-67
3.49175 	7.68918e-67
3.49675 	8.61503e-67
3.50175 	-7.15113e-66
3.50675 	-3.02163e-65
3.51176 	-5.32815e-65
3.51676 	-7.63467e-65
3.52176 	-9.94118e-65
3.52676 	-1.22477e-64
3.53177 	-1.45542e-64
3.53677 	-1.68607e-64
3.54177 	-1.91673e-64
3.54677 	-2.14738e-64
3.55178 	1.81026e-63
3.55678 	7.55639e-63
3.56178 	1.33025e-62
3.56678 	1.90486e-62
3.57179 	2.47948e-62
3.57679 	3.05409e-62
3.58179 	3.6287e-62
3.58679 	4.20331e-62
3.5918 	4.77793e-62
3.5968 	5.35254e-62
3.6018 	-4.5814e-61
3.6068 	-1.88965e-60
3.61181 	-3.32115e-60
3.61681 	-4.75266e-60
3.62181 	-6.18417e-60
3.62681 	-7.61567e-60
3.63182 	-9.04718e-60
3.63682 	-1.04787e-59
3.64182 	-1.19102e-59
3.64682 	-1.33417e-59
3.65183 	1.15917e-58
3.65683 	4.72542e-58
3.66183 	8.29167e-58
3.66683 	1.18579e-57
3.67184 	1.54242e-57
3.67684 	1.89904e-57
3.68184 	2.25567e-57
3.68684 	2.61229e-57
3.69185 	2.96892e-57
3.69685 	3.32554e-57
3.70185 	-2.93222e-56
3.70685 	-1.18167e-55
3.71186 	-2.07011e-55
3.71686 	-2.95855e-55
3.72186 	-3.847e-55
3.72686 	-4.73544e-55
3.73187 	-5.62389e-55
3.73687 	-6.51233e-55
3.74187 	-7.40077e-55
3.74687 	-8.28922e-55
3.75188 	7.41558e-54
3.75688 	2.9549e-53
3.76188 	5.16824e-53
3.76688 	7.38158e-53
3.77189 	9.59492e-53
3.77689 	1.18083e-52
3.78189 	1.40216e-52
3.78689 	1.62349e-52
3.7919 	1.84483e-52
3.7969 	2.06616e-52
3.8019 	-1.87498e-51
3.8069 	-7.38898e-51
3.81191 	-1.2903e-50
3.81691 	-1.8417e-50
3.82191 	-2.3931e-50
3.82691 	-2.9445e-50
3.83192 	-3.4959e-50
3.83692 	-4.0473e-50
3.84192 	-4.5987e-50
3.84692 	-5.1501e-50
3.85193 	4.73974e-49
3.85693 	1.84765e-48
3.86193 	3.22133e-48
3.86693 	4.59501e-48
3.87194 	5.96868e-48
3.87694 	7.34236e-48
3.88194 	8.71604e-48
3.88694 	1.00897e-47
3.89195 	1.14634e-47
3.89695 	1.28371e-47
3.90195 	-1.1979e-46
3.90695 	-4.62008e-46
3.91196 	-8.04227e-46
3.91696 	-1.14644e-45
3.92196 	-1.48866e-45
3.92696 	-1.83088e-45
3.93197 	-2.1731e-45
3.93697 	-2.51532e-45
3.94197 	-2.85754e-45
3.94697 	-3.19975e-45
3.95198 	3.02691e-44
3.95698 	1.15524e-43
3.96198 	2.0078e-43
3.96698 	2.86035e-43
3.97199 	3.7129e-43
3.97699 	4.56546e-43
3.98199 	5.41801e-43
3.98699 	6.27056e-43
3.992 	7.12312e-43
3.997 	7.97567e-43
4.002 	-7.64699e-42
4.007 	-2.88863e-41
4.01201 	-5.01255e-41
4.01701 	-7.13648e-41
4.02201 	-9.26041e-41
4.02701 	-1.13843e-40
4.03202 	-1.35083e-40
4.03702 	-1.56322e-40
4.04202 	-1.77561e-40
4.04702 	-1.988e-40
4.05203 	1.93152e-39
4.05703 	7.22276e-39
4.06203 	1.2514e-38
4.06703 	1.78053e-38
4.07204 	2.30965e-38
4.07704 	2.83878e-38
4.08204 	3.3679e-38
4.08704 	3.89702e-38
4.09205 	4.42615e-38
4.09705 	4.95527e-38
4.10205 	-4.87781e-37
4.10705 	-1.80597e-36
4.11206 	-3.12415e-36
4.11706 	-4.44234e-36
4.12206 	-5.76052e-36
4.12706 	-7.07871e-36
4.13207 	-8.39689e-36
4.13707 	-9.71508e-36
4.14207 	-1.10333e-35
4.14707 	-1.23514e-35
4.15208 	1.23161e-34
4.15708 	4.51554e-34
4.16208 	7.79948e-34
4.16708 	1.10834e-33
4.17209 	1.43674e-33
4.17709 	1.76513e-33
4.18209 	2.09352e-33
4.18709 	2.42192e-33
4.1921 	2.75031e-33
4.1971 	3.0787e-33
4.2021 	-3.10915e-32
4.2071 	-1.12903e-31
4.21211 	-1.94714e-31
4.21711 	-2.76525e-31
4.22211 	-3.58336e-31
4.22711 	-4.40148e-31
4.23212 	-5.21959e-31
4.23712 	-6.0377e-31
4.24212 	-6.85581e-31
4.24712 	-7.67393e-31
4.25213 	7.84761e-30
4.25713 	2.82289e-29
4.26213 	4.86101e-29
4.26713 	6.89914e-29
4.27214 	8.93727e-29
4.27714 	1.09754e-28
4.28214 	1.30135e-28
4.28714 	1.50516e-28
4.29215 	1.70898e-28
4.29715 	1.91279e-28
4.30215 	-1.98043e-27
4.30715 	-7.05792e-27
4.31216 	-1.21354e-26
4.31716 	-1.72129e-26
4.32216 	-2.22904e-26
4.32716 	-2.73679e-26
4.33217 	-3.24454e-26
4.33717 	-3.75229e-26
4.34217 	-4.26004e-26
4.34717 	-4.76779e-26
4.35218 	4.997e-25
4.35718 	1.76463e-24
4.36218 	3.02957e-24
4.36718 	4.2945e-24
4.37219 	5.55944e-24
4.37719 	6.82437e-24
4.38219 	8.0893e-24
4.38719 	9.35424e-24
4.3922 	1.06192e-23
4.3972 	1.18841e-23
4.4022 	-1.81964e-20
4.4072 	-5.95803e-20
4.41221 	-1.00964e-19
4.41721 	-1.42348e-19
4.42221 	-1.83732e-19
4.42721 	-2.25116e-19
4.43222 	-2.665e-19
4.43722 	-3.07884e-19
4.44222 	-3.49268e-19
4.44722 	-3.90652e-19
4.45223 	8.62517e-09
4.45723 	2.80076e-08
4.46223 	4.739e-08
4.46723 	6.67724e-08
4.47224 	8.61548e-08
4.47724 	1.05537e-07
4.48224 	1.2492e-07
4.48724 	1.44302e-07
4.49225 	1.63684e-07
4.49725 	1.83067e-07
4.50225 	4.58393e-07
4.50725 	1.04654e-06
4.51226 	1.63469e-06
4.51726 	2.22283e-06
4.52226 	2.81098e-06
4.52726 	3.39913e-06
4.53227 	3.98728e-06
4.53727 	4.57542e-06
4.54227 	5.16357e-06
4.54727 	5.75172e-06
4.55228 	9.8621e-06
4.55728 	1.81914e-05
4.56228 	2.65207e-05
4.56728 	3.485e-05
4.57229 	4.31794e-05
4.57729 	5.15087e-05
4.58229 	5.9838e-05
4.58729 	6.81673e-05
4.5923 	7.64966e-05
4.5973 	8.4826e-05
4.6023 	0.000122826
4.6073 	0.000195657
4.61231 	0.000268487
4.61731 	0.000341318
4.62231 	0.000414149
4.62731 	0.00048698
4.63232 	0.00055981
4.63732 	0.000632641
4.64232 	0.000705472
4.64732 	0.000778302
4.65233 	0.00102089
4.65733 	0.0014588
4.66233 	0.00189671
4.66733 	0.00233462
4.67234 	0.00277253
4.67734 	0.00321044
4.68234 	0.00364834
4.68734 	0.00408625
4.69235 	0.00452416
4.69735 	0.00496207
4.70235 	0.00608969
4.70735 	0.00799508
4.71236 	0.00990047
4.71736 	0.0118059
4.72236 	0.0137113
4.72736 	0.0156166
4.73237 	0.017522
4.73737 	0.0194274
4.74237 	0.0213328
4.74737 	0.0232382
4.75238 	0.0271502
4.75738 	0.0332801
4.76238 	0.03941
4.76738 	0.0455398
4.77239 	0.0516697
4.77739 	0.0577996
4.78239 	0.0639295
4.78739 	0.0700593
4.7924 	0.0761892
4.7974 	0.0823191
4.8024 	0.0924879
4.8074 	0.107032
4.81241 	0.121577
4.81741 	0.136121
4.82241 	0.150665
4.82741 	0.16521
4.83242 	0.179754
4.83742 	0.194298
4.84242 	0.208843
4.84742 	0.223387
4.85243 	0.242815
4.85743 	0.267428
4.86243 	0.292042
4.86743 	0.316655
4.87244 	0.341269
4.87744 	0.365883
4.88244 	0.390496
4.88744 	0.41511
4.89245 	0.439723
4.89745 	0.464337
4.90245 	0.490368
4.90745 	0.517876
4.91246 	0.545384
4.91746 	0.572891
4.92246 	0.600399
4.92746 	0.627906
4.93247 	0.655414
4.93747 	0.682921
4.94247 	0.710429
4.94747 	0.737937
4.95248 	0.760779
4.95748 	0.778862
4.96248 	0.796945
4.96748 	0.815027
4.97249 	0.83311
4.97749 	0.851193
4.98249 	0.869276
4.98749 	0.887359
4.9925 	0.905441
4.9975 	0.923524
5.0025 	0.935551
5.0075 	0.94152
5.01251 	0.94749
5.01751 	0.95346
5.02251 	0.95943
5.02751 	0.9654
5.03252 	0.97137
5.03752 	0.977339
5.04252 	0.983309
5.04752 	0.989279
5.05253 	0.992614
5.05753 	0.993367
5.06253 	0.994119
5.06753 	0.994871
5.07254 	0.995624
5.07754 	0.996376
5.08254 	0.997129
5.08754 	0.997881
5.09255 	0.998633
5.09755 	0.999386
5.10255 	0.999767
5.10755 	0.999791
5.11256 	0.999816
5.11756 	0.99984
5.12256 	0.999865
5.12756 	0.999889
5.13257 	0.999914
5.13757 	0.999938
5.14257 	0.999962
5.14757 	0.999987
5.15258 	0.999999
5.15758 	0.999999
5.16258 	0.999999
5.16758 	0.999999
5.17259 	0.999999
5.17759 	0.999999
5.18259 	1
5.18759 	1
5.1926 	1
5.1976 	1
5.2026 	1
5.2076 	1
5.21261 	1
5.21761 	1
5.22261 	1
5.22761 	1
5.23262 	1
5.23762 	1
5.24262 	1
5.24762 	1
5.25263 	1
5.25763 	1
5.26263 	1
5.26763 	1
5.27264 	1
5.27764 	1
5.28264 	1
5.28764 	1
5.29265 	1
5.29765 	1
5.30265 	1
5.30765 	1
5.31266 	1
5.31766 	1
5.32266 	1
5.32766 	1
5.33267 	1
5.33767 	1
5.34267 	1
5.34767 	1
5.35268 	1
5.35768 	1
5.36268 	1
5.36768 	1
5.37269 	1
5.37769 	1
5.38269 	1
5.38769 	1
5.3927 	1
5.3977 	1
5.4027 	1
5.4077 	1
5.41271 	1
5.41771 	1
5.42271 	1
5.42771 	1
5.43272 	1
5.43772 	1
5.44272 	1
5.44772 	1
5.45273 	1
5.45773 	1
5.46273 	1
5.46773 	1
5.47274 	1
5.47774 	1
5.48274 	1
5.48774 	1
5.49275 	1
5.49775 	1
5.50275 	0.999999
5.50775 	0.999999
5.51276 	0.999998
5.51776 	0.999998
5.52276 	0.999997
5.52776 	0.999997
5.53277 	0.999996
5.53777 	0.999995
5.54277 	0.999995
5.54777 	0.999994
5.55278 	0.999989
5.55778 	0.999981
5.56278 	0.999973
5.56778 	0.999964
5.57279 	0.999956
5.57779 	0.999948
5.58279 	0.999939
5.58779 	0.999931
5.5928 	0.999923
5.5978 	0.999914
5.6028 	0.99987
5.6078 	0.999797
5.61281 	0.999724
5.61781 	0.999651
5.62281 	0.999579
5.62781 	0.999506
5.63282 	0.999433
5.63782 	0.99936
5.64282 	0.999287
5.64782 	0.999214
5.65283 	0.998935
5.65783 	0.998497
5.66283 	0.998059
5.66783 	0.997622
5.67284 	0.997184
5.67784 	0.996746
5.68284 	0.996308
5.68784 	0.99587
5.69285 	0.995432
5.69785 	0.994994
5.70285 	0.99372
5.70785 	0.991814
5.71286 	0.989909
5.71786 	0.988003
5.72286 	0.986098
5.72786 	0.984193
5.73287 	0.982287
5.73787 	0.980382
5.74287 	0.978476
5.74787 	0.976571
5.75288 	0.972236
5.75788 	0.966107
5.76288 	0.959977
5.76788 	0.953847
5.77289 	0.947717
5.77789 	0.941587
5.78289 	0.935457
5.78789 	0.929327
5.7929 	0.923197
5.7979 	0.917067
5.8029 	0.906057
5.8079 	0.891513
5.81291 	0.876968
5.81791 	0.862424
5.82291 	0.84788
5.82791 	0.833335
5.83292 	0.818791
5.83792 	0.804247
5.84292 	0.789702
5.84792 	0.775158
5.85293 	0.754723
5.85793 	0.73011
5.86293 	0.705496
5.86793 	0.680883
5.87294 	0.656269
5.87794 	0.631656
5.88294 	0.607042
5.88794 	0.582429
5.89295 	0.557816
5.89795 	0.533202
5.90295 	0.506881
5.90795 	0.479374
5.91296 	0.451866
5.91796 	0.424358
5.92296 	0.396851
5.92796 	0.369343
5.93297 	0.341836
5.93797 	0.314328
5.94297 	0.286821
5.94797 	0.259313
5.95298 	0.237413
5.95798 	0.219331
5.96298 	0.201248
5.96798 	0.183165
5.97299 	0.165082
5.97799 	0.146999
5.98299 	0.128917
5.98799 	0.110834
5.993 	0.0927509
5.998 	0.0746681
6.003 	0.063853
6.008 	0.0578831
6.01301 	0.0519132
6.01801 	0.0459433
6.02301 	0.0399734
6.02801 	0.0340035
6.03302 	0.0280337
6.03802 	0.0220638
6.04302 	0.0160939
6.04802 	0.010124
6.05303 	0.00731066
6.05803 	0.00655825
6.06303 	0.00580583
6.06803 	0.00505342
6.07304 	0.00430101
6.07804 	0.00354859
6.08304 	0.00279618
6.08804 	0.00204377
6.09305 	0.00129135
6.09805 	0.000538939
6.10305 	0.000230598
6.10805 	0.000206172
6.11306 	0.000181746
6.11806 	0.00015732
6.12306 	0.000132894
6.12806 	0.000108468
6.13307 	8.40424e-05
6.13807 	5.96165e-05
6.14307 	3.51906e-05
6.14807 	1.07647e-05
6.15308 	1.27708e-06
6.15808 	1.14103e-06
6.16308 	1.00498e-06
6.16808 	8.68928e-07
6.17309 	7.32876e-07
6.17809 	5.96824e-07
6.18309 	4.60771e-07
6.18809 	3.24719e-07
6.1931 	1.88667e-07
6.1981 	5.26149e-08
6.2031 	8.58267e-10
6.2081 	7.66725e-10
6.21311 	6.75183e-10
6.21811 	5.83641e-10
6.22311 	4.92099e-10
6.22811 	4.00557e-10
6.23312 	3.09015e-10
6.23812 	2.17473e-10
6.24312 	1.2593e-10
6.24812 	3.43883e-11
6.25313 	5.62638e-14
6.25813 	5.02594e-14
6.26313 	4.42551e-14
6.26813 	3.82508e-14
6.27314 	3.22464e-14
6.27814 	2.62421e-14
6.28314 	2.02377e-14
6.28814 	1.42334e-14
6.29315 	8.22908e-15
6.29815 	2.22474e-15
6.30315 	2.93859e-18
6.30815 	2.62483e-18
6.31316 	2.31106e-18
6.31816 	1.99729e-18
6.32316 	1.68353e-18
6.32816 	1.36976e-18
6.33317 	1.05599e-18
6.33817 	7.42226e-19
6.34317 	4.28459e-19
6.34817 	1.14692e-19
6.35318 	1.56536e-22
6.35818 	1.39813e-22
6.36318 	1.2309e-22
6.36818 	1.06367e-22
6.37319 	8.96441e-23
6.37819 	7.29211e-23
6.38319 	5.61981e-23
6.38819 	3.94751e-23
6.3932 	2.27521e-23
6.3982 	6.02911e-24
6.4032 	8.26185e-27
6.4082 	7.37875e-27
6.41321 	6.49566e-27
6.41821 	5.61256e-27
6.42321 	4.72946e-27
6.42821 	3.84636e-27
6.43322 	2.96326e-27
6.43822 	2.08016e-27
6.44322 	1.19706e-27
6.44822 	3.13958e-28
6.45323 	4.28405e-31
6.45823 	3.82589e-31
6.46323 	3.36773e-31
6.46823 	2.90956e-31
6.47324 	2.4514e-31
6.47824 	1.99324e-31
6.48324 	1.53508e-31
6.48824 	1.07691e-31
6.49325 	6.18753e-32
6.49825 	1.60591e-32
6.50325 	2.18656e-35
6.50825 	1.95259e-35
6.51326 	1.71862e-35
6.51826 	1.48465e-35
6.52326 	1.25068e-35
6.52826 	1.01671e-35
6.53327 	7.82743e-36
6.53827 	5.48775e-36
6.54327 	3.14806e-36
6.54827 	8.08374e-37
6.55328 	1.10431e-39
6.55828 	9.86079e-40
6.56328 	8.67851e-40
6.56828 	7.49623e-40
6.57329 	6.31395e-40
6.57829 	5.13168e-40
6.58329 	3.9494e-40
6.58829 	2.76712e-40
6.5933 	1.58485e-40
6.5983 	4.02568e-41
6.6033 	5.5495e-44
6.6083 	4.95505e-44
6.61331 	4.3606e-44
6.61831 	3.76615e-44
6.62331 	3.1717e-44
6.62831 	2.57725e-44
6.63332 	1.98279e-44
6.63832 	1.38834e-44
6.64332 	7.93891e-45
6.64832 	1.9944e-45
6.65333 	2.78677e-48
6.65833 	2.4881e-48
6.66333 	2.18943e-48
6.66833 	1.89075e-48
6.67334 	1.59208e-48
6.67834 	1.29341e-48
6.68334 	9.94732e-49
6.68834 	6.96059e-49
6.69335 	3.97386e-49
6.69835 	9.87124e-50
6.70335 	1.40149e-52
6.70835 	1.25121e-52
6.71336 	1.10092e-52
6.71836 	9.50633e-53
6.72336 	8.00348e-53
6.72836 	6.50062e-53
6.73337 	4.99776e-53
6.73837 	3.4949e-53
6.74337 	1.99204e-53
6.74837 	4.89186e-54
6.75338 	7.06006e-57
6.75838 	6.30258e-57
6.76338 	5.5451e-57
6.76838 	4.78763e-57
6.77339 	4.03015e-57
6.77839 	3.27268e-57
6.78339 	2.5152e-57
6.78839 	1.75773e-57
6.7934 	1.00025e-57
6.7984 	2.42774e-58
6.8034 	3.55844e-61
6.8084 	3.17645e-61
6.81341 	2.79446e-61
6.81841 	2.41247e-61
6.82341 	2.03048e-61
6.82841 	1.64848e-61
6.83342 	1.26649e-61
6.83842 	8.84502e-62
6.84342 	5.02511e-62
6.84842 	1.2052e-62
6.85343 	1.79165e-65
6.85843 	1.59922e-65
6.86343 	1.40678e-65
6.86843 	1.21435e-65
6.87344 	1.02192e-65
6.87844 	8.29483e-66
6.88344 	6.3705e-66
6.88844 	4.44617e-66
6.89345 	2.52184e-66
6.89845 	5.97509e-67
6.90345 	8.99926e-70
6.90845 	8.03217e-70
6.91346 	7.06508e-70
6.91846 	6.09799e-70
6.92346 	5.1309e-70
6.92846 	4.16381e-70
6.93347 	3.19672e-70
6.93847 	2.22963e-70
6.94347 	1.26254e-70
6.94847 	2.95447e-71
6.95348 	4.50608e-74
6.95848 	4.02158e-74
6.96348 	3.53708e-74
6.96848 	3.05259e-74
6.97349 	2.56809e-74
6.97849 	2.08359e-74
6.98349 	1.59909e-74
6.98849 	1.11459e-74
6.9935 	6.30091e-75
6.9985 	1.45592e-75
7.0035 	2.24887e-78
7.0085 	2.00694e-78
7.01351 	1.76501e-78
7.01851 	1.52308e-78
7.02351 	1.28115e-78
7.02851 	1.03922e-78
7.03352 	7.97284e-79
7.03852 	5.55353e-79
7.04352 	3.13421e-79
7.04852 	7.14901e-80
7.05353 	1.11894e-82
7.05853 	9.98504e-83
7.06353 	8.78065e-83
7.06853 	7.57625e-83
7.07354 	6.37185e-83
7.07854 	5.16746e-83
7.08354 	3.96306e-83
7.08854 	2.75867e-83
7.09355 	1.55427e-83
7.09855 	3.49873e-84
7.10355 	5.55259e-87
7.10855 	4.95461e-87
7.11356 	4.35662e-87
7.11856 	3.75864e-87
7.12356 	3.16065e-87
7.12856 	2.56267e-87
7.13357 	1.96468e-87
7.13857 	1.36669e-87
7.14357 	7.68708e-88
7.14857 	1.70722e-88
7.15358 	2.74895e-91
7.15858 	2.45274e-91
7.16358 	2.15653e-91
7.16858 	1.86033e-91
7.17359 	1.56412e-91
7.17859 	1.26791e-91
7.18359 	9.71706e-92
7.18859 	6.75499e-92
7.1936 	3.79291e-92
7.1986 	8.30843e-93
7.2036 	1.35796e-95
7.2086 	1.21156e-95
7.21361 	1.06516e-95
7.21861 	9.18754e-96
7.22361 	7.72351e-96
7.22861 	6.25947e-96
7.23362 	4.79544e-96
7.23862 	3.3314e-96
7.24362 	1.86737e-96
7.24862 	4.03331e-97
7.25363 	6.69352e-100
7.25863 	5.9715e-100
7.26363 	5.24947e-100
7.26863 	4.52745e-100
7.27364 	3.80542e-100
7.27864 	3.0834e-100
7.28364 	2.36138e-100
7.28864 	1.63935e-100
7.29365 	9.17326e-101
7.29865 	1.95302e-101
7.30365 	3.29159e-104
7.30865 	2.93634e-104
7.31366 	2.58108e-104
7.31866 	2.22583e-104
7.32366 	1.87058e-104
7.32866 	1.51533e-104
7.33367 	1.16007e-104
7.33867 	8.04821e-105
7.34367 	4.49569e-105
7.34867 	9.43162e-106
7.35368 	1.61458e-108
7.35868 	1.44023e-108
7.36368 	1.26588e-108
7.36868 	1.09152e-108
7.37369 	9.17174e-109
7.37869 	7.42822e-109
7.38369 	5.68471e-109
7.38869 	3.94119e-109
7.3937 	2.19768e-109
7.3987 	4.54167e-110
7.4037 	7.89839e-113
7.4087 	7.04501e-113
7.41371 	6.19164e-113
7.41871 	5.33827e-113
7.42371 	4.48489e-113
7.42871 	3.63152e-113
7.43372 	2.77815e-113
7.43872 	1.92477e-113
7.44372 	1.0714e-113
7.44872 	2.18027e-114
7.45373 	3.85287e-117
7.45873 	3.43636e-117
7.46373 	3.01986e-117
7.46873 	2.60336e-117
7.47374 	2.18685e-117
7.47874 	1.77035e-117
7.48374 	1.35384e-117
7.48874 	9.37338e-118
7.49375 	5.20833e-118
7.49875 	1.04329e-118
7.50375 	1.87395e-121
7.50875 	1.67127e-121
7.51376 	1.46858e-121
7.51876 	1.26589e-121
7.52376 	1.0632e-121
7.52876 	8.60511e-122
7.53377 	6.57823e-122
7.53877 	4.55134e-122
7.54377 	2.52446e-122
7.54877 	4.9757e-123
7.55378 	9.08742e-126
7.55878 	8.10399e-126
7.56378 	7.12055e-126
7.56878 	6.13711e-126
7.57379 	5.15368e-126
7.57879 	4.17024e-126
7.58379 	3.18681e-126
7.58879 	2.20337e-126
7.5938 	1.21994e-126
7.5988 	2.365e-127
7.6038 	4.39355e-130
7.6088 	3.91782e-130
7.61381 	3.4421e-130
7.61881 	2.96637e-130
7.62381 	2.49065e-130
7.62881 	2.01492e-130
7.63382 	1.5392e-130
7.63882 	1.06347e-130
7.64382 	5.87749e-131
7.64882 	1.12025e-131
7.65383 	2.11771e-134
7.65883 	1.88829e-134
7.66383 	1.65886e-134
7.66883 	1.42943e-134
7.67384 	1.20001e-134
7.67884 	9.70583e-135
7.68384 	7.41157e-135
7.68884 	5.1173e-135
7.69385 	2.82304e-135
7.69885 	5.28783e-136
7.70385 	1.0176e-138
7.70885 	9.07294e-139
7.71386 	7.96991e-139
7.71886 	6.86689e-139
7.72386 	5.76386e-139
7.72886 	4.66083e-139
7.73387 	3.5578e-139
7.73887 	2.45477e-139
7.74387 	1.35174e-139
7.74887 	2.4871e-140
7.75388 	4.87432e-143
7.75888 	4.34568e-143
7.76388 	3.81704e-143
7.76888 	3.2884e-143
7.77389 	2.75976e-143
7.77889 	2.23112e-143
7.78389 	1.70248e-143
7.78889 	1.17383e-143
7.7939 	6.45194e-144
7.7989 	1.16553e-144
7.8039 	2.32728e-147
7.8089 	2.07474e-147
7.81391 	1.8222e-147
7.81891 	1.56966e-147
7.82391 	1.31712e-147
7.82891 	1.06458e-147
7.83392 	8.12036e-148
7.83892 	5.59496e-148
7.84392 	3.06956e-148
7.84892 	5.44163e-149
7.85393 	1.10749e-151
7.85893 	9.87248e-152
7.86393 	8.67006e-152
7.86893 	7.46763e-152
7.87394 	6.26521e-152
7.87894 	5.06278e-152
7.88394 	3.86036e-152
7.88894 	2.65793e-152
7.89395 	1.45551e-152
7.89895 	2.5308e-153
7.90395 	5.25235e-156
7.90895 	4.68178e-156
7.91396 	4.11121e-156
7.91896 	3.54064e-156
7.92396 	2.97008e-156
7.92896 	2.39951e-156
7.93397 	1.82894e-156
7.93897 	1.25837e-156
7.94397 	6.87804e-157
7.94897 	1.17236e-157
7.95398 	2.48228e-160
7.95898 	2.21248e-160
7.96398 	1.94268e-160
7.96898 	1.67288e-160
7.97399 	1.40308e-160
7.97899 	1.13328e-160
7.98399 	8.63484e-161
7.98899 	5.93685e-161
7.994 	3.23886e-161
7.999 	5.40869e-162
8.004 	1.16895e-164
8.009 	1.04183e-164
8.01401 	9.14704e-165
8.01901 	7.87582e-165
8.02401 	6.60459e-165
8.02901 	5.33337e-165
8.03402 	4.06215e-165
8.03902 	2.79093e-165
8.04402 	1.51971e-165
8.04902 	2.48485e-166
8.05403 	5.48472e-169
8.05903 	4.88793e-169
8.06403 	4.29115e-169
8.06903 	3.69437e-169
8.07404 	3.09758e-169
8.07904 	2.5008e-169
8.08404 	1.90402e-169
8.08904 	1.30723e-169
8.09405 	7.10451e-170
8.09905 	1.13668e-170
8.10405 	2.56386e-173
8.10905 	2.28474e-173
8.11406 	2.00561e-173
8.11906 	1.72649e-173
8.12406 	1.44737e-173
8.12906 	1.16825e-173
8.13407 	8.8913e-174
8.13907 	6.10009e-174
8.14407 	3.30888e-174
8.14907 	5.17674e-175
8.15408 	1.19394e-177
8.15908 	1.06388e-177
8.16408 	9.33833e-178
8.16908 	8.03781e-178
8.17409 	6.73729e-178
8.17909 	5.43677e-178
8.18409 	4.13625e-178
8.18909 	2.83573e-178
8.1941 	1.53522e-178
8.1991 	2.34697e-179
8.2041 	5.53839e-182
8.2091 	4.93478e-182
8.21411 	4.33117e-182
8.21911 	3.72756e-182
8.22411 	3.12395e-182
8.22911 	2.52035e-182
8.23412 	1.91674e-182
8.23912 	1.31313e-182
8.24412 	7.09519e-183
8.24912 	1.0591e-183
8.25413 	2.55898e-186
8.25913 	2.27993e-186
8.26413 	2.00089e-186
8.26913 	1.72184e-186
8.27414 	1.4428e-186
8.27914 	1.16375e-186
8.28414 	8.84704e-187
8.28914 	6.05658e-187
8.29415 	3.26612e-187
8.29915 	4.75662e-188
8.30415 	1.17759e-190
8.30915 	1.04911e-190
8.31416 	9.20631e-191
8.31916 	7.92149e-191
8.32416 	6.63667e-191
8.32916 	5.35186e-191
8.33417 	4.06704e-191
8.33917 	2.78222e-191
8.34417 	1.4974e-191
8.34917 	2.12584e-192
8.35418 	5.3968e-195
8.35918 	4.80766e-195
8.36418 	4.21852e-195
8.36918 	3.62938e-195
8.37419 	3.04024e-195
8.37919 	2.4511e-195
8.38419 	1.86195e-195
8.38919 	1.27281e-195
8.3942 	6.83672e-196
8.3992 	9.45314e-197
8.4042 	2.46293e-199
8.4092 	2.19392e-199
8.41421 	1.92491e-199
8.41921 	1.6559e-199
8.42421 	1.38688e-199
8.42921 	1.11787e-199
8.43422 	8.48857e-200
8.43922 	5.79844e-200
8.44422 	3.10832e-200
8.44922 	4.18192e-201
8.45423 	1.1192e-203
8.45923 	9.96893e-204
8.46423 	8.74582e-204
8.46923 	7.52271e-204
8.47424 	6.29959e-204
8.47924 	5.07648e-204
8.48424 	3.85336e-204
8.48924 	2.63025e-204
8.49425 	1.40713e-204
8.49925 	1.84021e-205
8.50425 	5.06375e-208
8.50925 	4.51006e-208
8.51426 	3.95637e-208
8.51926 	3.40268e-208
8.52426 	2.84899e-208
8.52926 	2.2953e-208
8.53427 	1.74161e-208
8.53927 	1.18792e-208
8.54427 	6.34225e-209
8.54927 	8.05346e-210
8.55428 	2.2809e-212
8.55928 	2.03136e-212
8.56428 	1.78182e-212
8.56928 	1.53228e-212
8.57429 	1.28274e-212
8.57929 	1.0332e-212
8.58429 	7.83665e-213
8.58929 	5.34126e-213
8.5943 	2.84587e-213
8.5993 	3.50474e-214
8.6043 	1.02277e-216
8.6093 	9.10813e-217
8.61431 	7.98857e-217
8.61931 	6.86901e-217
8.62431 	5.74945e-217
8.62931 	4.62989e-217
8.63432 	3.51033e-217
8.63932 	2.39076e-217
8.64432 	1.2712e-217
8.64932 	1.51641e-218
8.65433 	4.56513e-221
8.65933 	4.06514e-221
8.66433 	3.56515e-221
8.66933 	3.06516e-221
8.67434 	2.56517e-221
8.67934 	2.06518e-221
8.68434 	1.56519e-221
8.68934 	1.0652e-221
8.69435 	5.65211e-222
8.69935 	6.52208e-223
8.70435 	2.02815e-225
8.70935 	1.80589e-225
8.71436 	1.58364e-225
8.71936 	1.36139e-225
8.72436 	1.13914e-225
8.72936 	9.16887e-226
8.73437 	6.94635e-226
8.73937 	4.72383e-226
8.74437 	2.50131e-226
8.74937 	2.78797e-227
8.75438 	8.96775e-230
8.75938 	7.98449e-230
8.76438 	7.00123e-230
8.76938 	6.01797e-230
8.77439 	5.03471e-230
8.77939 	4.05146e-230
8.78439 	3.0682e-230
8.78939 	2.08494e-230
8.7944 	1.10168e-230
8.7994 	1.18424e-231
8.8044 	3.94615e-234
8.8094 	3.51324e-234
8.81441 	3.08033e-234
8.81941 	2.64743e-234
8.82441 	2.21452e-234
8.82941 	1.78161e-234
8.83442 	1.3487e-234
8.83942 	9.15791e-235
8.84442 	4.82883e-235
8.84942 	4.99741e-236
8.85443 	1.72798e-238
8.85943 	1.53831e-238
8.86443 	1.34864e-238
8.86943 	1.15897e-238
8.87444 	9.69298e-239
8.87944 	7.79628e-239
8.88444 	5.89957e-239
8.88944 	4.00287e-239
8.89445 	2.10617e-239
8.89945 	2.09464e-240
8.90445 	7.52917e-243
8.90945 	6.70228e-243
8.91446 	5.87539e-243
8.91946 	5.04851e-243
8.92446 	4.22162e-243
8.92946 	3.39473e-243
8.93447 	2.56784e-243
8.93947 	1.74096e-243
8.94447 	9.14069e-244
8.94947 	8.71817e-245
8.95448 	3.26414e-247
8.95948 	2.90546e-247
8.96448 	2.54678e-247
8.96948 	2.1881e-247
8.97449 	1.82942e-247
8.97949 	1.47074e-247
8.98449 	1.11206e-247
8.98949 	7.53381e-248
8.9945 	3.94702e-248
8.9995 	3.60227e-249
9.0045 	1.4079e-251
9.0095 	1.25311e-251
9.01451 	1.09832e-251
9.01951 	9.43527e-252
9.02451 	7.88734e-252
9.02951 	6.33942e-252
9.03452 	4.79149e-252
9.03952 	3.24357e-252
9.04452 	1.69564e-252
9.04952 	1.47717e-253
9.05453 	6.04132e-256
9.05953 	5.37674e-256
9.06453 	4.71216e-256
9.06953 	4.04758e-256
9.07454 	3.383e-256
9.07954 	2.71842e-256
9.08454 	2.05384e-256
9.08954 	1.38926e-256
9.09455 	7.24677e-257
9.09955 	6.0096e-258
9.10455 	2.5788e-260
9.10955 	2.29496e-260
9.11456 	2.01112e-260
9.11956 	1.72728e-260
9.12456 	1.44344e-260
9.12956 	1.1596e-260
9.13457 	8.75764e-261
9.13957 	5.91925e-261
9.14457 	3.08086e-261
9.14957 	2.42469e-262
9.15458 	1.09497e-264
9.15958 	9.74383e-265
9.16458 	8.53798e-265
9.16958 	7.33212e-265
9.17459 	6.12626e-265
9.17959 	4.92041e-265
9.18459 	3.71455e-265
9.18959 	2.50869e-265
9.1946 	1.30283e-265
9.1996 	9.69779e-267
9.2046 	4.62444e-269
9.2096 	4.11488e-269
9.21461 	3.60532e-269
9.21961 	3.09577e-269
9.22461 	2.58621e-269
9.22961 	2.07666e-269
9.23462 	1.5671e-269
9.23962 	1.05754e-269
9.24462 	5.47987e-270
9.24962 	3.84308e-271
9.25463 	1.94251e-273
9.25963 	1.72835e-273
9.26463 	1.51419e-273
9.26963 	1.30003e-273
9.27464 	1.08587e-273
9.27964 	8.71715e-274
9.28464 	6.57557e-274
9.28964 	4.43398e-274
9.29465 	2.29239e-274
9.29965 	1.50806e-275
9.30465 	8.11503e-278
9.30965 	7.21986e-278
9.31466 	6.3247e-278
9.31966 	5.42954e-278
9.32466 	4.53437e-278
9.32966 	3.63921e-278
9.33467 	2.74405e-278
9.33967 	1.84888e-278
9.34467 	9.53721e-279
9.34967 	5.85575e-280
9.35468 	3.37145e-282
9.35968 	2.99934e-282
9.36468 	2.62723e-282
9.36968 	2.25512e-282
9.37469 	1.88302e-282
9.37969 	1.51091e-282
9.38469 	1.1388e-282
9.38969 	7.66695e-283
9.3947 	3.94587e-283
9.3997 	2.24802e-284
9.4047 	1.3929e-286
9.4097 	1.23908e-286
9.41471 	1.08526e-286
9.41971 	9.31439e-287
9.42471 	7.7762e-287
9.42971 	6.23801e-287
9.43472 	4.69981e-287
9.43972 	3.16162e-287
9.44472 	1.62343e-287
9.44972 	8.52326e-289
9.45473 	5.72239e-291
9.45973 	5.09011e-291
9.46473 	4.45783e-291
9.46973 	3.82555e-291
9.47474 	3.19327e-291
9.47974 	2.56099e-291
9.48474 	1.92871e-291
9.48974 	1.29643e-291
9.49475 	6.64152e-292
9.49975 	3.18723e-293
9.50475 	2.3376e-295
9.50975 	2.07917e-295
9.51476 	1.82074e-295
9.51976 	1.56231e-295
9.52476 	1.30388e-295
9.52976 	1.04545e-295
9.53477 	7.87023e-296
9.53977 	5.28593e-296
9.54477 	2.70164e-296
9.54977 	1.17343e-297
9.55478 	9.49462e-300
9.55978 	8.44438e-300
9.56478 	7.39414e-300
9.56978 	6.34389e-300
9.57479 	5.29365e-300
9.57979 	4.24341e-300
9.58479 	3.19316e-300
9.58979 	2.14292e-300
9.5948 	1.09268e-300
9.5998 	4.24339e-302
9.6048 	3.83426e-304
9.6098 	3.4099e-304
9.61481 	2.98554e-304
9.61981 	2.56118e-304
9.62481 	2.13682e-304
9.62981 	1.71246e-304
9.63482 	1.2881e-304
9.63982 	8.63743e-305
9.64482 	4.39383e-305
9.64982 	1.5023e-306
9.65483 	1.53945e-308
9.65983 	1.36897e-308
9.66483 	1.1985e-308
9.66983 	1.02803e-308
9.67484 	8.57552e-309
9.67984 	6.87078e-309
9.68484 	5.16604e-309
9.68984 	3.4613e-309
9.69485 	1.75656e-309
9.69985 	5.18227e-311
9.70485 	6.14484e-313
9.70985 	5.464e-313
9.71486 	4.78316e-313
9.71986 	4.10232e-313
9.72486 	3.42148e-313
9.72986 	2.74064e-313
9.73487 	2.05981e-313
9.73987 	1.37897e-313
9.74487 	6.9813e-314
9.74987 	1.72912e-315
9.75488 	2.43838e-317
9.75988 	2.16806e-317
9.76488 	1.89774e-317
9.76988 	1.62742e-317
9.77489 	1.3571e-317
9.77989 	1.08678e-317
9.78489 	8.16465e-318
9.78989 	5.46147e-318
9.7949 	2.75828e-318
9.7999 	5.50933e-320
9.8049 	9.28843e-322
9.8099 	8.2509e-322
9.81491 	7.21336e-322
9.81991 	6.17582e-322
9.82491 	5.13828e-322
9.82991 	4.15015e-322
9.83492 	3.11261e-322
9.83992 	2.07508e-322
9.84492 	1.03754e-322
9.84992 	0
9.85493 	0
9.85993 	0
9.86493 	0
9.86993 	0
9.87494 	0
9.87994 	0
9.88494 	0
9.88994 	0
9.89495 	0
9.89995 	0
9.90495 	0
9.90995 	0
9.91496 	0
9.91996 	0
9.92496 	0
9.92996 	0
9.93497 	0
9.93997 	0
9.94497 	0
9.94997 	0
9.95498 	0
9.95998 	0
9.96498 	0
9.96998 	0
9.97499 	0
9.97999 	0
9.98499 	0
9.98999 	0
9.995 	0
10 	0
