0 	0
0.0050025 	0
0.010005 	0
0.0150075 	0
0.02001 	0
0.0250125 	0
0.030015 	0
0.0350175 	0
0.04002 	0
0.0450225 	0
0.050025 	0
0.0550275 	0
0.06003 	0
0.0650325 	0
0.070035 	0
0.0750375 	0
0.08004 	0
0.0850425 	0
0.090045 	0
0.0950475 	0
0.10005 	0
0.105053 	0
0.110055 	0
0.115058 	0
0.12006 	0
0.125063 	0
0.130065 	0
0.135068 	0
0.14007 	0
0.145073 	0
0.150075 	0
0.155078 	0
0.16008 	0
0.165083 	0
0.170085 	0
0.175088 	0
0.18009 	0
0.185093 	0
0.190095 	0
0.195098 	0
0.2001 	0
0.205103 	0
0.210105 	0
0.215108 	0
0.22011 	0
0.225113 	0
0.230115 	0
0.235118 	0
0.24012 	0
0.245123 	0
0.250125 	0
0.255128 	0
0.26013 	0
0.265133 	0
0.270135 	0
0.275138 	0
0.28014 	0
0.285143 	0
0.290145 	0
0.295148 	0
0.30015 	0
0.305153 	0
0.310155 	0
0.315158 	0
0.32016 	0
0.325163 	0
0.330165 	0
0.335168 	0
0.34017 	0
0.345173 	0
0.350175 	0
0.355178 	0
0.36018 	0
0.365183 	0
0.370185 	0
0.375188 	0
0.38019 	0
0.385193 	0
0.390195 	0
0.395198 	0
0.4002 	0
0.405203 	0
0.410205 	0
0.415208 	0
0.42021 	0
0.425213 	0
0.430215 	0
0.435218 	0
0.44022 	0
0.445223 	0
0.450225 	0
0.455228 	0
0.46023 	0
0.465233 	0
0.470235 	0
0.475238 	0
0.48024 	0
0.485243 	0
0.490245 	0
0.495248 	0
0.50025 	0
0.505253 	0
0.510255 	0
0.515258 	0
0.52026 	0
0.525263 	0
0.530265 	0
0.535268 	0
0.54027 	0
0.545273 	0
0.550275 	0
0.555278 	0
0.56028 	0
0.565283 	0
0.570285 	0
0.575288 	0
0.58029 	0
0.585293 	0
0.590295 	0
0.595298 	0
0.6003 	0
0.605303 	0
0.610305 	0
0.615308 	0
0.62031 	0
0.625313 	0
0.630315 	0
0.635318 	0
0.64032 	0
0.645323 	0
0.650325 	0
0.655328 	0
0.66033 	0
0.665333 	0
0.670335 	0
0.675338 	0
0.68034 	0
0.685343 	0
0.690345 	0
0.695348 	0
0.70035 	0
0.705353 	0
0.710355 	0
0.715358 	0
0.72036 	0
0.725363 	0
0.730365 	0
0.735368 	0
0.74037 	0
0.745373 	0
0.750375 	0
0.755378 	0
0.76038 	0
0.765383 	0
0.770385 	0
0.775388 	0
0.78039 	0
0.785393 	0
0.790395 	0
0.795398 	0
0.8004 	0
0.805403 	0
0.810405 	0
0.815408 	0
0.82041 	0
0.825413 	0
0.830415 	0
0.835418 	0
0.84042 	0
0.845423 	0
0.850425 	0
0.855428 	0
0.86043 	0
0.865433 	0
0.870435 	0
0.875438 	0
0.88044 	0
0.885443 	0
0.890445 	0
0.895448 	0
0.90045 	0
0.905453 	0
0.910455 	0
0.915458 	0
0.92046 	0
0.925463 	0
0.930465 	0
0.935468 	0
0.94047 	0
0.945473 	0
0.950475 	0
0.955478 	0
0.96048 	0
0.965483 	0
0.970485 	0
0.975488 	0
0.98049 	0
0.985493 	0
0.990495 	0
0.995498 	0
1.0005 	0
1.0055 	0
1.01051 	0
1.01551 	0
1.02051 	0
1.02551 	0
1.03052 	0
1.03552 	0
1.04052 	0
1.04552 	0
1.05053 	0
1.05553 	0
1.06053 	0
1.06553 	0
1.07054 	0
1.07554 	0
1.08054 	0
1.08554 	0
1.09055 	0
1.09555 	0
1.10055 	0
1.10555 	0
1.11056 	0
1.11556 	0
1.12056 	0
1.12556 	0
1.13057 	0
1.13557 	0
1.14057 	0
1.14557 	0
1.15058 	0
1.15558 	0
1.16058 	0
1.16558 	0
1.17059 	0
1.17559 	0
1.18059 	0
1.18559 	0
1.1906 	0
1.1956 	0
1.2006 	0
1.2056 	0
1.21061 	0
1.21561 	0
1.22061 	0
1.22561 	0
1.23062 	0
1.23562 	0
1.24062 	0
1.24562 	0
1.25063 	0
1.25563 	0
1.26063 	0
1.26563 	0
1.27064 	0
1.27564 	0
1.28064 	0
1.28564 	0
1.29065 	0
1.29565 	0
1.30065 	0
1.30565 	0
1.31066 	0
1.31566 	0
1.32066 	0
1.32566 	0
1.33067 	0
1.33567 	0
1.34067 	0
1.34567 	0
1.35068 	0
1.35568 	0
1.36068 	0
1.36568 	0
1.37069 	0
1.37569 	0
1.38069 	0
1.38569 	0
1.3907 	0
1.3957 	0
1.4007 	0
1.4057 	0
1.41071 	0
1.41571 	0
1.42071 	0
1.42571 	0
1.43072 	0
1.43572 	0
1.44072 	0
1.44572 	0
1.45073 	0
1.45573 	0
1.46073 	0
1.46573 	0
1.47074 	0
1.47574 	0
1.48074 	0
1.48574 	0
1.49075 	0
1.49575 	0
1.50075 	0
1.50575 	0
1.51076 	0
1.51576 	0
1.52076 	0
1.52576 	0
1.53077 	0
1.53577 	0
1.54077 	0
1.54577 	0
1.55078 	0
1.55578 	0
1.56078 	0
1.56578 	0
1.57079 	0
1.57579 	0
1.58079 	0
1.58579 	0
1.5908 	0
1.5958 	0
1.6008 	0
1.6058 	0
1.61081 	0
1.61581 	0
1.62081 	0
1.62581 	0
1.63082 	0
1.63582 	0
1.64082 	0
1.64582 	0
1.65083 	0
1.65583 	0
1.66083 	0
1.66583 	0
1.67084 	0
1.67584 	0
1.68084 	0
1.68584 	0
1.69085 	0
1.69585 	0
1.70085 	0
1.70585 	0
1.71086 	0
1.71586 	0
1.72086 	0
1.72586 	0
1.73087 	0
1.73587 	0
1.74087 	0
1.74587 	0
1.75088 	0
1.75588 	0
1.76088 	0
1.76588 	0
1.77089 	0
1.77589 	0
1.78089 	0
1.78589 	0
1.7909 	0
1.7959 	0
1.8009 	0
1.8059 	0
1.81091 	0
1.81591 	0
1.82091 	0
1.82591 	0
1.83092 	0
1.83592 	0
1.84092 	0
1.84592 	0
1.85093 	0
1.85593 	0
1.86093 	0
1.86593 	0
1.87094 	0
1.87594 	0
1.88094 	0
1.88594 	0
1.89095 	0
1.89595 	0
1.90095 	0
1.90595 	0
1.91096 	0
1.91596 	0
1.92096 	0
1.92596 	0
1.93097 	0
1.93597 	0
1.94097 	0
1.94597 	0
1.95098 	0
1.95598 	0
1.96098 	0
1.96598 	0
1.97099 	0
1.97599 	0
1.98099 	0
1.98599 	0
1.991 	0
1.996 	0
2.001 	0
2.006 	0
2.01101 	0
2.01601 	0
2.02101 	0
2.02601 	0
2.03102 	0
2.03602 	0
2.04102 	0
2.04602 	0
2.05103 	0
2.05603 	0
2.06103 	0
2.06603 	0
2.07104 	0
2.07604 	0
2.08104 	0
2.08604 	0
2.09105 	0
2.09605 	0
2.10105 	0
2.10605 	0
2.11106 	0
2.11606 	0
2.12106 	0
2.12606 	0
2.13107 	0
2.13607 	0
2.14107 	0
2.14607 	0
2.15108 	0
2.15608 	0
2.16108 	0
2.16608 	0
2.17109 	0
2.17609 	0
2.18109 	0
2.18609 	0
2.1911 	0
2.1961 	0
2.2011 	0
2.2061 	0
2.21111 	0
2.21611 	0
2.22111 	0
2.22611 	0
2.23112 	0
2.23612 	0
2.24112 	0
2.24612 	0
2.25113 	0
2.25613 	0
2.26113 	0
2.26613 	0
2.27114 	0
2.27614 	0
2.28114 	0
2.28614 	0
2.29115 	0
2.29615 	0
2.30115 	0
2.30615 	0
2.31116 	0
2.31616 	0
2.32116 	0
2.32616 	0
2.33117 	0
2.33617 	0
2.34117 	0
2.34617 	0
2.35118 	0
2.35618 	0
2.36118 	0
2.36618 	0
2.37119 	0
2.37619 	0
2.38119 	0
2.38619 	0
2.3912 	0
2.3962 	0
2.4012 	0
2.4062 	0
2.41121 	0
2.41621 	0
2.42121 	0
2.42621 	0
2.43122 	0
2.43622 	0
2.44122 	0
2.44622 	0
2.45123 	0
2.45623 	0
2.46123 	0
2.46623 	0
2.47124 	0
2.47624 	0
2.48124 	0
2.48624 	0
2.49125 	0
2.49625 	0
2.50125 	0
2.50625 	0
2.51126 	0
2.51626 	0
2.52126 	0
2.52626 	0
2.53127 	0
2.53627 	0
2.54127 	0
2.54627 	0
2.55128 	0
2.55628 	0
2.56128 	0
2.56628 	0
2.57129 	0
2.57629 	0
2.58129 	0
2.58629 	0
2.5913 	0
2.5963 	0
2.6013 	0
2.6063 	0
2.61131 	0
2.61631 	0
2.62131 	0
2.62631 	0
2.63132 	0
2.63632 	0
2.64132 	0
2.64632 	0
2.65133 	3.69318e-36
2.65633 	1.76297e-35
2.66133 	3.15663e-35
2.66633 	4.55028e-35
2.67134 	5.94393e-35
2.67634 	7.33759e-35
2.68134 	8.73124e-35
2.68634 	1.01249e-34
2.69135 	1.15185e-34
2.69635 	1.29122e-34
2.70135 	-8.68654e-26
2.70635 	-4.08589e-25
2.71136 	-7.30313e-25
2.71636 	-1.05204e-24
2.72136 	-1.37376e-24
2.72636 	-1.69548e-24
2.73137 	-2.01721e-24
2.73637 	-2.33893e-24
2.74137 	-2.66065e-24
2.74637 	-2.98238e-24
2.75138 	9.57105e-21
2.75638 	4.43866e-20
2.76138 	7.92021e-20
2.76638 	1.14018e-19
2.77139 	1.48833e-19
2.77639 	1.83649e-19
2.78139 	2.18464e-19
2.78639 	2.5328e-19
2.7914 	2.88095e-19
2.7964 	3.22911e-19
2.8014 	-2.04024e-18
2.8064 	-1.05696e-17
2.81141 	-1.9099e-17
2.81641 	-2.76283e-17
2.82141 	-3.61577e-17
2.82641 	-4.4687e-17
2.83142 	-5.32164e-17
2.83642 	-6.17457e-17
2.84142 	-7.02751e-17
2.84642 	-7.88044e-17
2.85143 	-4.42647e-17
2.85643 	9.83256e-17
2.86143 	2.40916e-16
2.86643 	3.83506e-16
2.87144 	5.26096e-16
2.87644 	6.68687e-16
2.88144 	8.11277e-16
2.88644 	9.53867e-16
2.89145 	1.09646e-15
2.89645 	1.23905e-15
2.90145 	1.06393e-15
2.90645 	1.10987e-16
2.91146 	-8.41958e-16
2.91646 	-1.7949e-15
2.92146 	-2.74785e-15
2.92646 	-3.70079e-15
2.93147 	-4.65374e-15
2.93647 	-5.60669e-15
2.94147 	-6.55963e-15
2.94647 	-7.51258e-15
2.95148 	-6.82311e-15
2.95648 	-2.20856e-15
2.96148 	2.406e-15
2.96648 	7.02055e-15
2.97149 	1.16351e-14
2.97649 	1.62497e-14
2.98149 	2.08642e-14
2.98649 	2.54788e-14
2.9915 	3.00933e-14
2.9965 	3.47079e-14
3.0015 	3.18565e-14
3.0065 	1.15846e-14
3.01151 	-8.68737e-15
3.01651 	-2.89593e-14
3.02151 	-4.92312e-14
3.02651 	-6.95032e-14
3.03152 	-8.97751e-14
3.03652 	-1.10047e-13
3.04152 	-1.30319e-13
3.04652 	-1.50591e-13
3.05153 	-1.38705e-13
3.05653 	-5.35434e-14
3.06153 	3.16186e-14
3.06653 	1.16781e-13
3.07154 	2.01943e-13
3.07654 	2.87105e-13
3.08154 	3.72267e-13
3.08654 	4.57429e-13
3.09155 	5.42591e-13
3.09655 	6.27753e-13
3.10155 	5.80566e-13
3.10655 	2.38798e-13
3.11156 	-1.0297e-13
3.11656 	-4.44738e-13
3.12156 	-7.86506e-13
3.12656 	-1.12827e-12
3.13157 	-1.47004e-12
3.13657 	-1.81181e-12
3.14157 	-2.15358e-12
3.14657 	-2.49535e-12
3.15158 	-2.31867e-12
3.15658 	-1.01458e-12
3.16158 	2.89517e-13
3.16658 	1.59361e-12
3.17159 	2.8977e-12
3.17659 	4.20179e-12
3.18159 	5.50589e-12
3.18659 	6.80998e-12
3.1916 	8.11407e-12
3.1966 	9.41816e-12
3.2016 	8.79689e-12
3.2066 	4.08422e-12
3.21161 	-6.28444e-13
3.21661 	-5.34111e-12
3.22161 	-1.00538e-11
3.22661 	-1.47664e-11
3.23162 	-1.94791e-11
3.23662 	-2.41918e-11
3.24162 	-2.89045e-11
3.24662 	-3.36171e-11
3.25163 	-3.15805e-11
3.25663 	-1.55259e-11
3.26163 	5.28617e-13
3.26663 	1.65832e-11
3.27164 	3.26377e-11
3.27664 	4.86922e-11
3.28164 	6.47468e-11
3.28664 	8.08013e-11
3.29165 	9.68558e-11
3.29665 	1.1291e-10
3.30165 	1.06751e-10
3.30665 	5.54899e-11
3.31166 	4.22893e-12
3.31666 	-4.7032e-11
3.32166 	-9.82929e-11
3.32666 	-1.49554e-10
3.33167 	-2.00815e-10
3.33667 	-2.52076e-10
3.34167 	-3.03337e-10
3.34667 	-3.54598e-10
3.35168 	-3.37676e-10
3.35668 	-1.85405e-10
3.36168 	-3.31353e-11
3.36668 	1.19135e-10
3.37169 	2.71405e-10
3.37669 	4.23675e-10
3.38169 	5.75945e-10
3.38669 	7.28215e-10
3.3917 	8.80486e-10
3.3967 	1.03276e-09
3.4017 	9.91587e-10
3.4067 	5.74918e-10
3.41171 	1.5825e-10
3.41671 	-2.58418e-10
3.42171 	-6.75086e-10
3.42671 	-1.09175e-09
3.43172 	-1.50842e-09
3.43672 	-1.92509e-09
3.44172 	-2.34176e-09
3.44672 	-2.75843e-09
3.45173 	-2.67402e-09
3.45673 	-1.63828e-09
3.46173 	-6.02538e-10
3.46673 	4.33201e-10
3.47174 	1.46894e-09
3.47674 	2.50468e-09
3.48174 	3.54042e-09
3.48674 	4.57616e-09
3.49175 	5.61189e-09
3.49675 	6.64763e-09
3.50175 	6.51962e-09
3.50675 	4.23035e-09
3.51176 	1.94109e-09
3.51676 	-3.48178e-10
3.52176 	-2.63744e-09
3.52676 	-4.92671e-09
3.53177 	-7.21598e-09
3.53677 	-9.50524e-09
3.54177 	-1.17945e-08
3.54677 	-1.40838e-08
3.55178 	-1.40215e-08
3.55678 	-9.68674e-09
3.56178 	-5.35197e-09
3.56678 	-1.0172e-09
3.57179 	3.31757e-09
3.57679 	7.65234e-09
3.58179 	1.19871e-08
3.58679 	1.63219e-08
3.5918 	2.06566e-08
3.5968 	2.49914e-08
3.6018 	2.5429e-08
3.6068 	1.89382e-08
3.61181 	1.24474e-08
3.61681 	5.95657e-09
3.62181 	-5.34235e-10
3.62681 	-7.02504e-09
3.63182 	-1.35158e-08
3.63682 	-2.00066e-08
3.64182 	-2.64974e-08
3.64682 	-3.29882e-08
3.65183 	-3.49712e-08
3.65683 	-2.91118e-08
3.66183 	-2.32524e-08
3.66683 	-1.7393e-08
3.67184 	-1.15336e-08
3.67684 	-5.67415e-09
3.68184 	1.85269e-10
3.68684 	6.04468e-09
3.69185 	1.19041e-08
3.69685 	1.77635e-08
3.70185 	2.28452e-08
3.70685 	2.66026e-08
3.71186 	3.036e-08
3.71686 	3.41174e-08
3.72186 	3.78749e-08
3.72686 	4.16323e-08
3.73187 	4.53897e-08
3.73687 	4.91471e-08
3.74187 	5.29045e-08
3.74687 	5.6662e-08
3.75188 	4.72426e-08
3.75688 	1.58619e-08
3.76188 	-1.55188e-08
3.76688 	-4.68995e-08
3.77189 	-7.82802e-08
3.77689 	-1.09661e-07
3.78189 	-1.41042e-07
3.78689 	-1.72422e-07
3.7919 	-2.03803e-07
3.7969 	-2.35184e-07
3.8019 	-2.26297e-07
3.8069 	-1.5171e-07
3.81191 	-7.71225e-08
3.81691 	-2.53545e-09
3.82191 	7.20516e-08
3.82691 	1.46639e-07
3.83192 	2.21226e-07
3.83692 	2.95813e-07
3.84192 	3.704e-07
3.84692 	4.44987e-07
3.85193 	4.57419e-07
3.85693 	3.70566e-07
3.86193 	2.83712e-07
3.86693 	1.96859e-07
3.87194 	1.10005e-07
3.87694 	2.31518e-08
3.88194 	-6.37017e-08
3.88694 	-1.50555e-07
3.89195 	-2.37409e-07
3.89695 	-3.24262e-07
3.90195 	-3.89226e-07
3.90695 	-4.19952e-07
3.91196 	-4.50678e-07
3.91696 	-4.81404e-07
3.92196 	-5.1213e-07
3.92696 	-5.42856e-07
3.93197 	-5.73582e-07
3.93697 	-6.04308e-07
3.94197 	-6.35034e-07
3.94697 	-6.6576e-07
3.95198 	-5.48603e-07
3.95698 	-2.04941e-07
3.96198 	1.38722e-07
3.96698 	4.82384e-07
3.97199 	8.26046e-07
3.97699 	1.16971e-06
3.98199 	1.51337e-06
3.98699 	1.85703e-06
3.992 	2.20069e-06
3.997 	2.54436e-06
4.002 	2.50912e-06
4.007 	1.90553e-06
4.01201 	1.30194e-06
4.01701 	6.98354e-07
4.02201 	9.47661e-08
4.02701 	-5.08822e-07
4.03202 	-1.11241e-06
4.03702 	-1.716e-06
4.04202 	-2.31959e-06
4.04702 	-2.92317e-06
4.05203 	-3.25286e-06
4.05703 	-3.18016e-06
4.06203 	-3.10745e-06
4.06703 	-3.03475e-06
4.07204 	-2.96204e-06
4.07704 	-2.88933e-06
4.08204 	-2.81663e-06
4.08704 	-2.74392e-06
4.09205 	-2.67122e-06
4.09705 	-2.59851e-06
4.10205 	-1.86096e-06
4.10705 	-1.66678e-07
4.11206 	1.5276e-06
4.11706 	3.22188e-06
4.12206 	4.91617e-06
4.12706 	6.61045e-06
4.13207 	8.30473e-06
4.13707 	9.99901e-06
4.14207 	1.16933e-05
4.14707 	1.33876e-05
4.15208 	1.32419e-05
4.15708 	1.05027e-05
4.16208 	7.76347e-06
4.16708 	5.02424e-06
4.17209 	2.28501e-06
4.17709 	-4.54228e-07
4.18209 	-3.19346e-06
4.18709 	-5.9327e-06
4.1921 	-8.67193e-06
4.1971 	-1.14112e-05
4.2021 	-1.35422e-05
4.2071 	-1.48334e-05
4.21211 	-1.61246e-05
4.21711 	-1.74158e-05
4.22211 	-1.8707e-05
4.22711 	-1.99982e-05
4.23212 	-2.12894e-05
4.23712 	-2.25806e-05
4.24212 	-2.38718e-05
4.24712 	-2.5163e-05
4.25213 	-2.19657e-05
4.25713 	-1.26957e-05
4.26213 	-3.42563e-06
4.26713 	5.84441e-06
4.27214 	1.51144e-05
4.27714 	2.43845e-05
4.28214 	3.36545e-05
4.28714 	4.29246e-05
4.29215 	5.21946e-05
4.29715 	6.14646e-05
4.30215 	6.43809e-05
4.30715 	5.88749e-05
4.31216 	5.33688e-05
4.31716 	4.78627e-05
4.32216 	4.23566e-05
4.32716 	3.68506e-05
4.33217 	3.13445e-05
4.33717 	2.58384e-05
4.34217 	2.03323e-05
4.34717 	1.48263e-05
4.35218 	2.55848e-06
4.35718 	-1.84917e-05
4.36218 	-3.9542e-05
4.36718 	-6.05922e-05
4.37219 	-8.16424e-05
4.37719 	-0.000102693
4.38219 	-0.000123743
4.38719 	-0.000144793
4.3922 	-0.000165843
4.3972 	-0.000186894
4.4022 	-0.000186261
4.4072 	-0.000158033
4.41221 	-0.000129805
4.41721 	-0.000101577
4.42221 	-7.33489e-05
4.42721 	-4.51208e-05
4.43222 	-1.68927e-05
4.43722 	1.13354e-05
4.44222 	3.95635e-05
4.44722 	6.77916e-05
4.45223 	0.000102468
4.45723 	0.000145185
4.46223 	0.000187903
4.46723 	0.000230621
4.47224 	0.000273339
4.47724 	0.000316056
4.48224 	0.000358774
4.48724 	0.000401492
4.49225 	0.00044421
4.49725 	0.000486927
4.50225 	0.000472198
4.50725 	0.000387255
4.51226 	0.000302312
4.51726 	0.000217369
4.52226 	0.000132426
4.52726 	4.74831e-05
4.53227 	-3.74598e-05
4.53727 	-0.000122403
4.54227 	-0.000207346
4.54727 	-0.000292289
4.55228 	-0.000383576
4.55728 	-0.000482464
4.56228 	-0.000581352
4.56728 	-0.00068024
4.57229 	-0.000779128
4.57729 	-0.000878016
4.58229 	-0.000976904
4.58729 	-0.00107579
4.5923 	-0.00117468
4.5973 	-0.00127357
4.6023 	-0.00123297
4.6073 	-0.00102864
4.61231 	-0.000824309
4.61731 	-0.000619976
4.62231 	-0.000415643
4.62731 	-0.00021131
4.63232 	-6.97746e-06
4.63732 	0.000197355
4.64232 	0.000401688
4.64732 	0.000606021
4.65233 	0.000847983
4.65733 	0.00113324
4.66233 	0.0014185
4.66733 	0.00170375
4.67234 	0.00198901
4.67734 	0.00227426
4.68234 	0.00255952
4.68734 	0.00284478
4.69235 	0.00313003
4.69735 	0.00341529
4.70235 	0.00339338
4.70735 	0.00302509
4.71236 	0.0026568
4.71736 	0.00228851
4.72236 	0.00192022
4.72736 	0.00155194
4.73237 	0.00118365
4.73737 	0.000815359
4.74237 	0.00044707
4.74737 	7.87816e-05
4.75238 	-0.000523806
4.75738 	-0.00138536
4.76238 	-0.00224691
4.76738 	-0.00310846
4.77239 	-0.00397001
4.77739 	-0.00483156
4.78239 	-0.00569311
4.78739 	-0.00655466
4.7924 	-0.00741621
4.7974 	-0.00827776
4.8024 	-0.00863113
4.8074 	-0.00843398
4.81241 	-0.00823682
4.81741 	-0.00803967
4.82241 	-0.00784252
4.82741 	-0.00764537
4.83242 	-0.00744821
4.83742 	-0.00725106
4.84242 	-0.00705391
4.84742 	-0.00685676
4.85243 	-0.00574449
4.85743 	-0.00366049
4.86243 	-0.0015765
4.86743 	0.000507489
4.87244 	0.00259148
4.87744 	0.00467547
4.88244 	0.00675946
4.88744 	0.00884346
4.89245 	0.0109274
4.89745 	0.0130114
4.90245 	0.0149157
4.90745 	0.016633
4.91246 	0.0183503
4.91746 	0.0200676
4.92246 	0.0217849
4.92746 	0.0235022
4.93247 	0.0252195
4.93747 	0.0269368
4.94247 	0.0286541
4.94747 	0.0303714
4.95248 	0.0301409
4.95748 	0.0279233
4.96248 	0.0257057
4.96748 	0.0234881
4.97249 	0.0212705
4.97749 	0.0190529
4.98249 	0.0168353
4.98749 	0.0146177
4.9925 	0.0124001
4.9975 	0.0101826
5.0025 	0.00583979
5.0075 	-0.000628138
5.01251 	-0.00709607
5.01751 	-0.013564
5.02251 	-0.0200319
5.02751 	-0.0264999
5.03252 	-0.0329678
5.03752 	-0.0394357
5.04252 	-0.0459036
5.04752 	-0.0523716
5.05253 	-0.0582942
5.05753 	-0.0636822
5.06253 	-0.0690703
5.06753 	-0.0744584
5.07254 	-0.0798465
5.07754 	-0.0852346
5.08254 	-0.0906226
5.08754 	-0.0960107
5.09255 	-0.101399
5.09755 	-0.106787
5.10255 	-0.107917
5.10755 	-0.104955
5.11256 	-0.101993
5.11756 	-0.0990315
5.12256 	-0.0960698
5.12756 	-0.0931081
5.13257 	-0.0901464
5.13757 	-0.0871847
5.14257 	-0.084223
5.14757 	-0.0812613
5.15258 	-0.0720489
5.15758 	-0.05695
5.16258 	-0.0418511
5.16758 	-0.0267521
5.17259 	-0.0116532
5.17759 	0.00344573
5.18259 	0.0185447
5.18759 	0.0336436
5.1926 	0.0487425
5.1976 	0.0638415
5.2026 	0.0839534
5.2076 	0.108693
5.21261 	0.133432
5.21761 	0.158172
5.22261 	0.182911
5.22761 	0.20765
5.23262 	0.23239
5.23762 	0.257129
5.24262 	0.281868
5.24762 	0.306608
5.25263 	0.332438
5.25763 	0.359255
5.26263 	0.386072
5.26763 	0.412889
5.27264 	0.439707
5.27764 	0.466524
5.28264 	0.493341
5.28764 	0.520158
5.29265 	0.546975
5.29765 	0.573792
5.30265 	0.597875
5.30765 	0.619532
5.31266 	0.641189
5.31766 	0.662847
5.32266 	0.684504
5.32766 	0.706161
5.33267 	0.727818
5.33767 	0.749476
5.34267 	0.771133
5.34767 	0.79279
5.35268 	0.809933
5.35768 	0.823151
5.36268 	0.836369
5.36768 	0.849588
5.37269 	0.862806
5.37769 	0.876025
5.38269 	0.889243
5.38769 	0.902462
5.3927 	0.91568
5.3977 	0.928898
5.4027 	0.937887
5.4077 	0.943273
5.41271 	0.948658
5.41771 	0.954044
5.42271 	0.95943
5.42771 	0.964815
5.43272 	0.970201
5.43772 	0.975587
5.44272 	0.980973
5.44772 	0.986358
5.45273 	0.989383
5.45773 	0.990437
5.46273 	0.99149
5.46773 	0.992544
5.47274 	0.993598
5.47774 	0.994652
5.48274 	0.995705
5.48774 	0.996759
5.49275 	0.997813
5.49775 	0.998866
5.50275 	0.999417
5.50775 	0.999557
5.51276 	0.999697
5.51776 	0.999836
5.52276 	0.999976
5.52776 	1.00012
5.53277 	1.00025
5.53777 	1.00039
5.54277 	1.00053
5.54777 	1.00067
5.55278 	1.00078
5.55778 	1.00086
5.56278 	1.00094
5.56778 	1.00103
5.57279 	1.00111
5.57779 	1.00119
5.58279 	1.00127
5.58779 	1.00135
5.5928 	1.00144
5.5978 	1.00152
5.6028 	1.00143
5.6078 	1.00121
5.61281 	1.00099
5.61781 	1.00077
5.62281 	1.00055
5.62781 	1.00033
5.63282 	1.00011
5.63782 	0.999892
5.64282 	0.999672
5.64782 	0.999452
5.65283 	0.999192
5.65783 	0.9989
5.66283 	0.998608
5.66783 	0.998316
5.67284 	0.998024
5.67784 	0.997732
5.68284 	0.99744
5.68784 	0.997148
5.69285 	0.996856
5.69785 	0.996564
5.70285 	0.996648
5.70785 	0.997015
5.71286 	0.997383
5.71786 	0.99775
5.72286 	0.998117
5.72786 	0.998484
5.73287 	0.998852
5.73787 	0.999219
5.74287 	0.999586
5.74787 	0.999953
5.75288 	1.00061
5.75788 	1.00147
5.76288 	1.00233
5.76788 	1.00319
5.77289 	1.00405
5.77789 	1.00492
5.78289 	1.00578
5.78789 	1.00664
5.7929 	1.0075
5.7979 	1.00836
5.8029 	1.00861
5.8079 	1.00841
5.81291 	1.00822
5.81791 	1.00802
5.82291 	1.00782
5.82791 	1.00762
5.83292 	1.00743
5.83792 	1.00723
5.84292 	1.00703
5.84792 	1.00683
5.85293 	1.00553
5.85793 	1.00345
5.86293 	1.00137
5.86793 	0.999283
5.87294 	0.997199
5.87794 	0.995116
5.88294 	0.993032
5.88794 	0.990948
5.89295 	0.988865
5.89795 	0.986781
5.90295 	0.984914
5.90795 	0.983196
5.91296 	0.981479
5.91796 	0.979762
5.92296 	0.978044
5.92796 	0.976327
5.93297 	0.974609
5.93797 	0.972892
5.94297 	0.971175
5.94797 	0.969457
5.95298 	0.970081
5.95798 	0.972298
5.96298 	0.974515
5.96798 	0.976732
5.97299 	0.978949
5.97799 	0.981166
5.98299 	0.983383
5.98799 	0.9856
5.993 	0.987817
5.998 	0.990034
6.003 	0.994804
6.008 	1.00127
6.01301 	1.00775
6.01801 	1.01422
6.02301 	1.02069
6.02801 	1.02716
6.03302 	1.03363
6.03802 	1.0401
6.04302 	1.04657
6.04802 	1.05304
6.05303 	1.05885
6.05803 	1.06424
6.06303 	1.06962
6.06803 	1.07501
6.07304 	1.08039
6.07804 	1.08577
6.08304 	1.09116
6.08804 	1.09654
6.09305 	1.10192
6.09805 	1.10731
6.10305 	1.1076
6.10805 	1.10463
6.11306 	1.10167
6.11806 	1.0987
6.12306 	1.09573
6.12806 	1.09276
6.13307 	1.0898
6.13807 	1.08683
6.14307 	1.08386
6.14807 	1.0809
6.15308 	1.07048
6.15808 	1.0554
6.16308 	1.04032
6.16808 	1.02524
6.17309 	1.01016
6.17809 	0.995077
6.18309 	0.979997
6.18809 	0.964916
6.1931 	0.949835
6.1981 	0.934755
6.2031 	0.91369
6.2081 	0.888957
6.21311 	0.864224
6.21811 	0.839492
6.22311 	0.814759
6.22811 	0.790026
6.23312 	0.765293
6.23812 	0.740561
6.24312 	0.715828
6.24812 	0.691095
6.25313 	0.665031
6.25813 	0.638169
6.26313 	0.611306
6.26813 	0.584443
6.27314 	0.55758
6.27814 	0.530718
6.28314 	0.503855
6.28814 	0.476992
6.29315 	0.450129
6.29815 	0.423267
6.30315 	0.399671
6.30815 	0.377994
6.31316 	0.356317
6.31816 	0.33464
6.32316 	0.312964
6.32816 	0.291287
6.33317 	0.26961
6.33817 	0.247933
6.34317 	0.226256
6.34817 	0.204579
6.35318 	0.188313
6.35818 	0.175157
6.36318 	0.162001
6.36818 	0.148845
6.37319 	0.135689
6.37819 	0.122533
6.38319 	0.109377
6.38819 	0.0962213
6.3932 	0.0830653
6.3982 	0.0699094
6.4032 	0.0617037
6.4082 	0.0562825
6.41321 	0.0508614
6.41821 	0.0454403
6.42321 	0.0400191
6.42821 	0.034598
6.43322 	0.0291768
6.43822 	0.0237557
6.44322 	0.0183346
6.44822 	0.0129134
6.45323 	0.010286
6.45823 	0.00919608
6.46323 	0.0081062
6.46823 	0.00701633
6.47324 	0.00592645
6.47824 	0.00483658
6.48324 	0.0037467
6.48824 	0.00265683
6.49325 	0.00156695
6.49825 	0.000477078
6.50325 	8.94027e-05
6.50825 	7.98358e-05
6.51326 	7.02689e-05
6.51826 	6.0702e-05
6.52326 	5.11351e-05
6.52826 	4.15682e-05
6.53327 	3.20013e-05
6.53827 	2.24344e-05
6.54327 	1.28675e-05
6.54827 	3.30058e-06
6.55328 	5.82748e-16
6.55828 	5.20613e-16
6.56328 	4.58478e-16
6.56828 	3.96343e-16
6.57329 	3.34208e-16
6.57829 	2.72073e-16
6.58329 	2.09939e-16
6.58829 	1.47804e-16
6.5933 	8.56688e-17
6.5983 	2.3534e-17
6.6033 	2.40203e-18
6.6083 	2.39275e-18
6.61331 	2.38348e-18
6.61831 	2.3742e-18
6.62331 	2.36493e-18
6.62831 	2.35566e-18
6.63332 	2.34638e-18
6.63832 	2.33711e-18
6.64332 	2.32783e-18
6.64832 	2.31856e-18
6.65333 	2.30222e-18
6.65833 	2.28233e-18
6.66333 	2.26244e-18
6.66833 	2.24255e-18
6.67334 	2.22265e-18
6.67834 	2.20276e-18
6.68334 	2.18287e-18
6.68834 	2.16298e-18
6.69335 	2.14309e-18
6.69835 	2.12319e-18
6.70335 	2.09662e-18
6.70835 	2.06677e-18
6.71336 	2.03691e-18
6.71836 	2.00705e-18
6.72336 	1.97719e-18
6.72836 	1.94734e-18
6.73337 	1.91748e-18
6.73837 	1.88762e-18
6.74337 	1.85776e-18
6.74837 	1.82791e-18
6.75338 	1.79454e-18
6.75838 	1.75947e-18
6.76338 	1.72441e-18
6.76838 	1.68935e-18
6.77339 	1.65429e-18
6.77839 	1.61922e-18
6.78339 	1.58416e-18
6.78839 	1.5491e-18
6.7934 	1.51404e-18
6.7984 	1.47897e-18
6.8034 	1.44406e-18
6.8084 	1.40922e-18
6.81341 	1.37438e-18
6.81841 	1.33954e-18
6.82341 	1.3047e-18
6.82841 	1.26986e-18
6.83342 	1.23502e-18
6.83842 	1.20018e-18
6.84342 	1.16534e-18
6.84842 	1.13051e-18
6.85343 	1.09844e-18
6.85843 	1.06766e-18
6.86343 	1.03688e-18
6.86843 	1.00609e-18
6.87344 	9.75309e-19
6.87844 	9.44526e-19
6.88344 	9.13742e-19
6.88844 	8.82958e-19
6.89345 	8.52175e-19
6.89845 	8.21391e-19
6.90345 	7.94631e-19
6.90845 	7.69679e-19
6.91346 	7.44727e-19
6.91846 	7.19775e-19
6.92346 	6.94823e-19
6.92846 	6.69871e-19
6.93347 	6.44918e-19
6.93847 	6.19966e-19
6.94347 	5.95014e-19
6.94847 	5.70062e-19
6.95348 	5.49314e-19
6.95848 	5.3041e-19
6.96348 	5.11507e-19
6.96848 	4.92604e-19
6.97349 	4.73701e-19
6.97849 	4.54797e-19
6.98349 	4.35894e-19
6.98849 	4.16991e-19
6.9935 	3.98087e-19
6.9985 	3.79184e-19
7.0035 	3.64043e-19
7.0085 	3.50514e-19
7.01351 	3.36985e-19
7.01851 	3.23456e-19
7.02351 	3.09927e-19
7.02851 	2.96397e-19
7.03352 	2.82868e-19
7.03852 	2.69339e-19
7.04352 	2.5581e-19
7.04852 	2.42281e-19
7.05353 	2.31801e-19
7.05853 	2.22596e-19
7.06353 	2.13391e-19
7.06853 	2.04186e-19
7.07354 	1.94982e-19
7.07854 	1.85777e-19
7.08354 	1.76572e-19
7.08854 	1.67367e-19
7.09355 	1.58162e-19
7.09855 	1.48958e-19
7.10355 	1.42044e-19
7.10855 	1.36067e-19
7.11356 	1.30089e-19
7.11856 	1.24112e-19
7.12356 	1.18134e-19
7.12856 	1.12157e-19
7.13357 	1.0618e-19
7.13857 	1.00202e-19
7.14357 	9.42246e-20
7.14857 	8.82471e-20
7.15358 	8.38867e-20
7.15858 	8.01709e-20
7.16358 	7.6455e-20
7.16858 	7.27392e-20
7.17359 	6.90233e-20
7.17859 	6.53075e-20
7.18359 	6.15916e-20
7.18859 	5.78758e-20
7.1936 	5.41599e-20
7.1986 	5.04441e-20
7.2036 	4.78077e-20
7.2086 	4.5591e-20
7.21361 	4.33743e-20
7.21861 	4.11577e-20
7.22361 	3.8941e-20
7.22861 	3.67243e-20
7.23362 	3.45077e-20
7.23862 	3.2291e-20
7.24362 	3.00743e-20
7.24862 	2.78577e-20
7.25363 	2.63261e-20
7.25863 	2.50544e-20
7.26363 	2.37827e-20
7.26863 	2.25111e-20
7.27364 	2.12394e-20
7.27864 	1.99677e-20
7.28364 	1.8696e-20
7.28864 	1.74243e-20
7.29365 	1.61527e-20
7.29865 	1.4881e-20
7.30365 	1.40245e-20
7.30865 	1.33215e-20
7.31366 	1.26186e-20
7.31866 	1.19156e-20
7.32366 	1.12127e-20
7.32866 	1.05097e-20
7.33367 	9.80676e-21
7.33867 	9.10381e-21
7.34367 	8.40085e-21
7.34867 	7.6979e-21
7.35368 	7.23595e-21
7.35868 	6.86089e-21
7.36368 	6.48583e-21
7.36868 	6.11078e-21
7.37369 	5.73572e-21
7.37869 	5.36066e-21
7.38369 	4.9856e-21
7.38869 	4.61055e-21
7.3937 	4.23549e-21
7.3987 	3.86043e-21
7.4037 	3.61976e-21
7.4087 	3.42631e-21
7.41371 	3.23286e-21
7.41871 	3.03941e-21
7.42371 	2.84596e-21
7.42871 	2.65251e-21
7.43372 	2.45906e-21
7.43872 	2.26561e-21
7.44372 	2.07216e-21
7.44872 	1.87871e-21
7.45373 	1.75742e-21
7.45873 	1.66083e-21
7.46373 	1.56423e-21
7.46873 	1.46764e-21
7.47374 	1.37105e-21
7.47874 	1.27445e-21
7.48374 	1.17786e-21
7.48874 	1.08127e-21
7.49375 	9.84674e-22
7.49875 	8.8808e-22
7.50375 	8.2887e-22
7.50875 	7.8212e-22
7.51376 	7.3537e-22
7.51876 	6.88621e-22
7.52376 	6.41871e-22
7.52876 	5.95121e-22
7.53377 	5.48372e-22
7.53877 	5.01622e-22
7.54377 	4.54872e-22
7.54877 	4.08123e-22
7.55378 	3.80092e-22
7.55878 	3.58135e-22
7.56378 	3.36179e-22
7.56878 	3.14223e-22
7.57379 	2.92267e-22
7.57879 	2.7031e-22
7.58379 	2.48354e-22
7.58879 	2.26398e-22
7.5938 	2.04441e-22
7.5988 	1.82485e-22
7.6038 	1.69602e-22
7.6088 	1.59585e-22
7.61381 	1.49568e-22
7.61881 	1.39551e-22
7.62381 	1.29534e-22
7.62881 	1.19517e-22
7.63382 	1.095e-22
7.63882 	9.94832e-23
7.64382 	8.94662e-23
7.64882 	7.94492e-23
7.65383 	7.36959e-23
7.65883 	6.92524e-23
7.66383 	6.48088e-23
7.66883 	6.03653e-23
7.67384 	5.59218e-23
7.67884 	5.14783e-23
7.68384 	4.70348e-23
7.68884 	4.25913e-23
7.69385 	3.81478e-23
7.69885 	3.37043e-23
7.70385 	3.12052e-23
7.70885 	2.9287e-23
7.71386 	2.73688e-23
7.71886 	2.54506e-23
7.72386 	2.35324e-23
7.72886 	2.16141e-23
7.73387 	1.96959e-23
7.73887 	1.77777e-23
7.74387 	1.58595e-23
7.74887 	1.39413e-23
7.75388 	1.28846e-23
7.75888 	1.20781e-23
7.76388 	1.12716e-23
7.76888 	1.04651e-23
7.77389 	9.65865e-24
7.77889 	8.85215e-24
7.78389 	8.04566e-24
7.78889 	7.23916e-24
7.7939 	6.43266e-24
7.7989 	5.62617e-24
7.8039 	5.19095e-24
7.8089 	4.86046e-24
7.81391 	4.52997e-24
7.81891 	4.19948e-24
7.82391 	3.86899e-24
7.82891 	3.53849e-24
7.83392 	3.208e-24
7.83892 	2.87751e-24
7.84392 	2.54702e-24
7.84892 	2.21653e-24
7.85393 	2.04178e-24
7.85893 	1.90969e-24
7.86393 	1.7776e-24
7.86893 	1.6455e-24
7.87394 	1.51341e-24
7.87894 	1.38132e-24
7.88394 	1.24923e-24
7.88894 	1.11714e-24
7.89395 	9.85047e-25
7.89895 	8.52955e-25
7.90395 	7.84511e-25
7.90895 	7.32985e-25
7.91396 	6.81459e-25
7.91896 	6.29933e-25
7.92396 	5.78407e-25
7.92896 	5.26882e-25
7.93397 	4.75356e-25
7.93897 	4.2383e-25
7.94397 	3.72304e-25
7.94897 	3.20778e-25
7.95398 	2.94611e-25
7.95898 	2.74983e-25
7.96398 	2.55355e-25
7.96898 	2.35727e-25
7.97399 	2.16099e-25
7.97899 	1.96471e-25
7.98399 	1.76843e-25
7.98899 	1.57214e-25
7.994 	1.37586e-25
7.999 	1.17958e-25
8.004 	1.08188e-25
8.009 	1.00882e-25
8.01401 	9.35758e-26
8.01901 	8.62698e-26
8.02401 	7.89637e-26
8.02901 	7.16577e-26
8.03402 	6.43516e-26
8.03902 	5.70456e-26
8.04402 	4.97396e-26
8.04902 	4.24335e-26
8.05403 	3.88686e-26
8.05903 	3.62098e-26
8.06403 	3.35511e-26
8.06903 	3.08923e-26
8.07404 	2.82336e-26
8.07904 	2.55749e-26
8.08404 	2.29161e-26
8.08904 	2.02574e-26
8.09405 	1.75986e-26
8.09905 	1.49399e-26
8.10405 	1.36681e-26
8.10905 	1.27217e-26
8.11406 	1.17753e-26
8.11906 	1.08289e-26
8.12406 	9.88247e-27
8.12906 	8.93605e-27
8.13407 	7.98963e-27
8.13907 	7.04321e-27
8.14407 	6.09679e-27
8.14907 	5.15037e-27
8.15408 	4.70658e-27
8.15908 	4.37688e-27
8.16408 	4.04717e-27
8.16908 	3.71747e-27
8.17409 	3.38777e-27
8.17909 	3.05807e-27
8.18409 	2.72837e-27
8.18909 	2.39867e-27
8.1941 	2.06897e-27
8.1991 	1.73927e-27
8.2041 	1.58771e-27
8.2091 	1.47525e-27
8.21411 	1.36279e-27
8.21911 	1.25033e-27
8.22411 	1.13788e-27
8.22911 	1.02542e-27
8.23412 	9.12961e-28
8.23912 	8.00503e-28
8.24412 	6.88046e-28
8.24912 	5.75588e-28
8.25413 	5.24909e-28
8.25913 	4.87335e-28
8.26413 	4.49761e-28
8.26913 	4.12187e-28
8.27414 	3.74613e-28
8.27914 	3.37039e-28
8.28414 	2.99465e-28
8.28914 	2.61891e-28
8.29415 	2.24317e-28
8.29915 	1.86743e-28
8.30415 	1.70144e-28
8.30915 	1.57842e-28
8.31416 	1.45539e-28
8.31916 	1.33236e-28
8.32416 	1.20933e-28
8.32916 	1.08631e-28
8.33417 	9.6328e-29
8.33917 	8.40252e-29
8.34417 	7.17225e-29
8.34917 	5.94198e-29
8.35418 	5.40923e-29
8.35918 	5.01431e-29
8.36418 	4.61939e-29
8.36918 	4.22447e-29
8.37419 	3.82955e-29
8.37919 	3.43463e-29
8.38419 	3.03971e-29
8.38919 	2.64479e-29
8.3942 	2.24987e-29
8.3992 	1.85495e-29
8.4042 	1.68732e-29
8.4092 	1.56299e-29
8.41421 	1.43865e-29
8.41921 	1.31432e-29
8.42421 	1.18999e-29
8.42921 	1.06566e-29
8.43422 	9.41324e-30
8.43922 	8.16992e-30
8.44422 	6.92659e-30
8.44922 	5.68327e-30
8.45423 	5.16603e-30
8.45923 	4.78197e-30
8.46423 	4.39792e-30
8.46923 	4.01387e-30
8.47424 	3.62981e-30
8.47924 	3.24576e-30
8.48424 	2.86171e-30
8.48924 	2.47765e-30
8.49425 	2.0936e-30
8.49925 	1.70955e-30
8.50425 	1.55297e-30
8.50925 	1.43653e-30
8.51426 	1.32009e-30
8.51926 	1.20366e-30
8.52426 	1.08722e-30
8.52926 	9.70782e-31
8.53427 	8.54346e-31
8.53927 	7.37909e-31
8.54427 	6.21472e-31
8.54927 	5.05036e-31
8.55428 	4.58518e-31
8.55928 	4.23857e-31
8.56428 	3.89197e-31
8.56928 	3.54537e-31
8.57429 	3.19877e-31
8.57929 	2.85216e-31
8.58429 	2.50556e-31
8.58929 	2.15896e-31
8.5943 	1.81235e-31
8.5993 	1.46575e-31
8.6043 	1.33008e-31
8.6093 	1.22874e-31
8.61431 	1.12741e-31
8.61931 	1.02607e-31
8.62431 	9.24733e-32
8.62931 	8.23397e-32
8.63432 	7.22061e-32
8.63932 	6.20725e-32
8.64432 	5.19388e-32
8.64932 	4.18052e-32
8.65433 	3.79192e-32
8.65933 	3.50083e-32
8.66433 	3.20974e-32
8.66933 	2.91864e-32
8.67434 	2.62755e-32
8.67934 	2.33646e-32
8.68434 	2.04537e-32
8.68934 	1.75427e-32
8.69435 	1.46318e-32
8.69935 	1.17209e-32
8.70435 	1.06275e-32
8.70935 	9.80571e-33
8.71436 	8.9839e-33
8.71936 	8.1621e-33
8.72436 	7.3403e-33
8.72936 	6.5185e-33
8.73437 	5.6967e-33
8.73937 	4.8749e-33
8.74437 	4.0531e-33
8.74937 	3.2313e-33
8.75438 	2.92899e-33
8.75938 	2.70091e-33
8.76438 	2.47282e-33
8.76938 	2.24473e-33
8.77439 	2.01664e-33
8.77939 	1.78855e-33
8.78439 	1.56046e-33
8.78939 	1.33237e-33
8.7944 	1.10428e-33
8.7994 	8.76194e-34
8.8044 	7.94039e-34
8.8094 	7.31785e-34
8.81441 	6.6953e-34
8.81941 	6.07276e-34
8.82441 	5.45021e-34
8.82941 	4.82766e-34
8.83442 	4.20512e-34
8.83942 	3.58257e-34
8.84442 	2.96003e-34
8.84942 	2.33748e-34
8.85443 	2.11797e-34
8.85943 	1.95082e-34
8.86443 	1.78368e-34
8.86943 	1.61653e-34
8.87444 	1.44939e-34
8.87944 	1.28225e-34
8.88444 	1.1151e-34
8.88944 	9.47957e-35
8.89445 	7.80813e-35
8.89945 	6.13669e-35
8.90445 	5.55985e-35
8.90945 	5.1183e-35
8.91446 	4.67674e-35
8.91946 	4.23519e-35
8.92446 	3.79364e-35
8.92946 	3.35209e-35
8.93447 	2.91053e-35
8.93947 	2.46898e-35
8.94447 	2.02743e-35
8.94947 	1.58587e-35
8.95448 	1.43676e-35
8.95948 	1.32196e-35
8.96448 	1.20715e-35
8.96948 	1.09235e-35
8.97449 	9.7754e-36
8.97949 	8.62735e-36
8.98449 	7.4793e-36
8.98949 	6.33124e-36
8.9945 	5.18319e-36
8.9995 	4.03514e-36
9.0045 	3.65586e-36
9.0095 	3.362e-36
9.01451 	3.06815e-36
9.01951 	2.77429e-36
9.02451 	2.48043e-36
9.02951 	2.18657e-36
9.03452 	1.89271e-36
9.03952 	1.59885e-36
9.04452 	1.30499e-36
9.04952 	1.01113e-36
9.05453 	9.16185e-37
9.05953 	8.42118e-37
9.06453 	7.68052e-37
9.06953 	6.93985e-37
9.07454 	6.19918e-37
9.07954 	5.45851e-37
9.08454 	4.71785e-37
9.08954 	3.97718e-37
9.09455 	3.23651e-37
9.09955 	2.49584e-37
9.10455 	2.26186e-37
9.10955 	2.07798e-37
9.11456 	1.89411e-37
9.11956 	1.71024e-37
9.12456 	1.52636e-37
9.12956 	1.34249e-37
9.13457 	1.15861e-37
9.13957 	9.7474e-38
9.14457 	7.90867e-38
9.14957 	6.06993e-38
9.15458 	5.50216e-38
9.15958 	5.05245e-38
9.16458 	4.60274e-38
9.16958 	4.15304e-38
9.17459 	3.70333e-38
9.17959 	3.25362e-38
9.18459 	2.80392e-38
9.18959 	2.35421e-38
9.1946 	1.9045e-38
9.1996 	1.4548e-38
9.2046 	1.31911e-38
9.2096 	1.21073e-38
9.21461 	1.10235e-38
9.21961 	9.93971e-39
9.22461 	8.85591e-39
9.22961 	7.77211e-39
9.23462 	6.68831e-39
9.23962 	5.6045e-39
9.24462 	4.5207e-39
9.24962 	3.4369e-39
9.25463 	3.11748e-39
9.25963 	2.86004e-39
9.26463 	2.6026e-39
9.26963 	2.34516e-39
9.27464 	2.08771e-39
9.27964 	1.83027e-39
9.28464 	1.57283e-39
9.28964 	1.31539e-39
9.29465 	1.05795e-39
9.29965 	8.00507e-40
9.30465 	7.26421e-40
9.30965 	6.66137e-40
9.31466 	6.05852e-40
9.31966 	5.45567e-40
9.32466 	4.85282e-40
9.32966 	4.24998e-40
9.33467 	3.64713e-40
9.33967 	3.04428e-40
9.34467 	2.44144e-40
9.34967 	1.83859e-40
9.35468 	1.66926e-40
9.35968 	1.53006e-40
9.36468 	1.39087e-40
9.36968 	1.25167e-40
9.37469 	1.11247e-40
9.37969 	9.73279e-41
9.38469 	8.34084e-41
9.38969 	6.94888e-41
9.3947 	5.55692e-41
9.3997 	4.16497e-41
9.4047 	3.78349e-41
9.4097 	3.46652e-41
9.41471 	3.14955e-41
9.41971 	2.83257e-41
9.42471 	2.5156e-41
9.42971 	2.19863e-41
9.43472 	1.88166e-41
9.43972 	1.56468e-41
9.44472 	1.24771e-41
9.44972 	9.30736e-42
9.45473 	8.46019e-42
9.45973 	7.74818e-42
9.46473 	7.03618e-42
9.46973 	6.32418e-42
9.47474 	5.61217e-42
9.47974 	4.90017e-42
9.48474 	4.18817e-42
9.48974 	3.47617e-42
9.49475 	2.76416e-42
9.49975 	2.05216e-42
9.50475 	1.86666e-42
9.50975 	1.70886e-42
9.51476 	1.55107e-42
9.51976 	1.39328e-42
9.52476 	1.23549e-42
9.52976 	1.07769e-42
9.53477 	9.19901e-43
9.53977 	7.62108e-43
9.54477 	6.04315e-43
9.54977 	4.46522e-43
9.55478 	4.06467e-43
9.55978 	3.71959e-43
9.56478 	3.37451e-43
9.56978 	3.02943e-43
9.57479 	2.68435e-43
9.57979 	2.33927e-43
9.58479 	1.99419e-43
9.58979 	1.64911e-43
9.5948 	1.30404e-43
9.5998 	9.58957e-44
9.6048 	8.7365e-44
9.6098 	7.99168e-44
9.61481 	7.24685e-44
9.61981 	6.50203e-44
9.62481 	5.7572e-44
9.62981 	5.01237e-44
9.63482 	4.26755e-44
9.63982 	3.52272e-44
9.64482 	2.7779e-44
9.64982 	2.03307e-44
9.65483 	1.85386e-44
9.65983 	1.69516e-44
9.66483 	1.53646e-44
9.66983 	1.37776e-44
9.67484 	1.21907e-44
9.67984 	1.06037e-44
9.68484 	9.0167e-45
9.68984 	7.42972e-45
9.69485 	5.84274e-45
9.69985 	4.25576e-45
9.70485 	3.88432e-45
9.70985 	3.55047e-45
9.71486 	3.21663e-45
9.71986 	2.88278e-45
9.72486 	2.54894e-45
9.72986 	2.21509e-45
9.73487 	1.88125e-45
9.73987 	1.5474e-45
9.74487 	1.21356e-45
9.74987 	8.79714e-46
9.75488 	8.03752e-46
9.75988 	7.34402e-46
9.76488 	6.65052e-46
9.76988 	5.95702e-46
9.77489 	5.26353e-46
9.77989 	4.57003e-46
9.78489 	3.87653e-46
9.78989 	3.18303e-46
9.7949 	2.48954e-46
9.7999 	1.79604e-46
9.8049 	1.64273e-46
9.8099 	1.50045e-46
9.81491 	1.35817e-46
9.81991 	1.21589e-46
9.82491 	1.07361e-46
9.82991 	9.31335e-47
9.83492 	7.89055e-47
9.83992 	6.46775e-47
9.84492 	5.04495e-47
9.84992 	3.62215e-47
9.85493 	3.31679e-47
9.85993 	3.02845e-47
9.86493 	2.74011e-47
9.86993 	2.45176e-47
9.87494 	2.16342e-47
9.87994 	1.87508e-47
9.88494 	1.58673e-47
9.88994 	1.29839e-47
9.89495 	1.01005e-47
9.89995 	7.21706e-48
9.90495 	6.61668e-48
9.90995 	6.03937e-48
9.91496 	5.46206e-48
9.91996 	4.88475e-48
9.92496 	4.30744e-48
9.92996 	3.73013e-48
9.93497 	3.15282e-48
9.93997 	2.57551e-48
9.94497 	1.9982e-48
9.94997 	1.42089e-48
9.95498 	1.32297e-48
9.95998 	1.22747e-48
9.96498 	1.13197e-48
9.96998 	1.03646e-48
9.97499 	9.40958e-49
9.97999 	8.45454e-49
9.98499 	7.4995e-49
9.98999 	6.54446e-49
9.995 	5.58942e-49
10 	4.63438e-49
