0 	4.89575e-142
0.0050025 	-1.84773e-141
0.010005 	-4.18503e-141
0.0150075 	-6.52233e-141
0.02001 	-8.85964e-141
0.0250125 	-1.11969e-140
0.030015 	-1.35342e-140
0.0350175 	-1.58715e-140
0.04002 	-1.82088e-140
0.0450225 	-2.05461e-140
0.050025 	-2.17432e-140
0.0550275 	2.03973e-139
0.06003 	4.29689e-139
0.0650325 	6.55404e-139
0.070035 	8.8112e-139
0.0750375 	1.10684e-138
0.08004 	1.33255e-138
0.0850425 	1.55827e-138
0.090045 	1.78398e-138
0.0950475 	2.0097e-138
0.10005 	2.01555e-138
0.105053 	-1.97454e-137
0.110055 	-4.15063e-137
0.115058 	-6.32671e-137
0.12006 	-8.5028e-137
0.125063 	-1.06789e-136
0.130065 	-1.2855e-136
0.135068 	-1.50311e-136
0.14007 	-1.72072e-136
0.145073 	-1.93833e-136
0.150075 	-1.8419e-136
0.155078 	1.88759e-135
0.16008 	3.95936e-135
0.165083 	6.03114e-135
0.170085 	8.10292e-135
0.175088 	1.01747e-134
0.18009 	1.22465e-134
0.185093 	1.43182e-134
0.190095 	1.639e-134
0.195098 	1.84618e-134
0.2001 	1.65969e-134
0.205103 	-1.78166e-133
0.210105 	-3.72928e-133
0.215108 	-5.67691e-133
0.22011 	-7.62453e-133
0.225113 	-9.57216e-133
0.230115 	-1.15198e-132
0.235118 	-1.34674e-132
0.24012 	-1.5415e-132
0.245123 	-1.73627e-132
0.250125 	-1.47426e-132
0.255128 	1.66019e-131
0.26013 	3.4678e-131
0.265133 	5.27542e-131
0.270135 	7.08303e-131
0.275138 	8.89064e-131
0.28014 	1.06983e-130
0.285143 	1.25059e-130
0.290145 	1.43135e-130
0.295148 	1.61211e-130
0.30015 	1.29062e-130
0.305153 	-1.52703e-129
0.310155 	-3.18312e-129
0.315158 	-4.83921e-129
0.32016 	-6.4953e-129
0.325163 	-8.15139e-129
0.330165 	-9.80748e-129
0.335168 	-1.14636e-128
0.34017 	-1.31197e-128
0.345173 	-1.47757e-128
0.350175 	-1.11325e-128
0.355178 	1.38622e-127
0.36018 	2.88376e-127
0.365183 	4.3813e-127
0.370185 	5.87884e-127
0.375188 	7.37638e-127
0.38019 	8.87392e-127
0.385193 	1.03715e-126
0.390195 	1.1869e-126
0.395198 	1.33665e-126
0.4002 	9.4587e-127
0.405203 	-1.24178e-125
0.410205 	-2.57816e-125
0.415208 	-3.91453e-125
0.42021 	-5.2509e-125
0.425213 	-6.58727e-125
0.430215 	-7.92364e-125
0.435218 	-9.26002e-125
0.44022 	-1.05964e-124
0.445223 	-1.19328e-124
0.450225 	-7.91385e-125
0.455228 	1.09756e-123
0.46023 	2.27426e-123
0.465233 	3.45096e-123
0.470235 	4.62766e-123
0.475238 	5.80435e-123
0.48024 	6.98105e-123
0.485243 	8.15775e-123
0.490245 	9.33445e-123
0.495248 	1.05111e-122
0.50025 	6.51812e-123
0.505253 	-9.56996e-122
0.510255 	-1.97917e-121
0.515258 	-3.00135e-121
0.52026 	-4.02353e-121
0.525263 	-5.04571e-121
0.530265 	-6.06788e-121
0.535268 	-7.09006e-121
0.54027 	-8.11224e-121
0.545273 	-9.13442e-121
0.550275 	-5.28305e-121
0.555278 	8.23046e-120
0.56028 	1.69892e-119
0.565283 	2.5748e-119
0.570285 	3.45068e-119
0.575288 	4.32655e-119
0.58029 	5.20243e-119
0.585293 	6.07831e-119
0.590295 	6.95419e-119
0.595298 	7.83006e-119
0.6003 	4.21222e-119
0.605303 	-6.98072e-118
0.610305 	-1.43827e-117
0.615308 	-2.17846e-117
0.62031 	-2.91866e-117
0.625313 	-3.65885e-117
0.630315 	-4.39905e-117
0.635318 	-5.13924e-117
0.64032 	-5.87943e-117
0.645323 	-6.61963e-117
0.650325 	-3.30233e-117
0.655328 	5.83804e-116
0.66033 	1.20063e-115
0.665333 	1.81746e-115
0.670335 	2.43429e-115
0.675338 	3.05111e-115
0.68034 	3.66794e-115
0.685343 	4.28477e-115
0.690345 	4.90159e-115
0.695348 	5.51842e-115
0.70035 	2.54458e-115
0.705353 	-4.81338e-114
0.710355 	-9.88121e-114
0.715358 	-1.49491e-113
0.72036 	-2.00169e-113
0.725363 	-2.50847e-113
0.730365 	-3.01526e-113
0.735368 	-3.52204e-113
0.74037 	-4.02882e-113
0.745373 	-4.53561e-113
0.750375 	-1.92609e-113
0.755378 	3.91178e-112
0.76038 	8.01616e-112
0.765383 	1.21205e-111
0.770385 	1.62249e-111
0.775388 	2.03293e-111
0.78039 	2.44337e-111
0.785393 	2.85381e-111
0.790395 	3.26425e-111
0.795398 	3.67469e-111
0.8004 	1.43137e-111
0.805403 	-3.13301e-110
0.810405 	-6.40915e-110
0.815408 	-9.68529e-110
0.82041 	-1.29614e-109
0.825413 	-1.62376e-109
0.830415 	-1.95137e-109
0.835418 	-2.27899e-109
0.84042 	-2.6066e-109
0.845423 	-2.93422e-109
0.850425 	-1.04367e-109
0.855428 	2.47247e-108
0.86043 	5.04932e-108
0.865433 	7.62616e-108
0.870435 	1.0203e-107
0.875438 	1.27798e-107
0.88044 	1.53567e-107
0.885443 	1.79335e-107
0.890445 	2.05104e-107
0.895448 	2.30872e-107
0.90045 	7.46067e-108
0.905453 	-1.92222e-106
0.910455 	-3.91905e-106
0.915458 	-5.91588e-106
0.92046 	-7.91271e-106
0.925463 	-9.90954e-106
0.930465 	-1.19064e-105
0.935468 	-1.39032e-105
0.94047 	-1.59e-105
0.945473 	-1.78969e-105
0.950475 	-5.2242e-106
0.955478 	1.47195e-104
0.96048 	2.99613e-104
0.965483 	4.52032e-104
0.970485 	6.04451e-104
0.975488 	7.5687e-104
0.98049 	9.09288e-104
0.985493 	1.06171e-103
0.990495 	1.21413e-103
0.995498 	1.36654e-103
1.0005 	3.5796e-104
1.0055 	-1.10997e-102
1.01051 	-2.25573e-102
1.01551 	-3.40149e-102
1.02051 	-4.54725e-102
1.02551 	-5.69301e-102
1.03052 	-6.83877e-102
1.03552 	-7.98454e-102
1.04052 	-9.1303e-102
1.04552 	-1.02761e-101
1.05053 	-2.39703e-102
1.05553 	8.24076e-101
1.06053 	1.67212e-100
1.06553 	2.52017e-100
1.07054 	3.36822e-100
1.07554 	4.21626e-100
1.08054 	5.06431e-100
1.08554 	5.91235e-100
1.09055 	6.7604e-100
1.09555 	7.60845e-100
1.10055 	1.56623e-100
1.10555 	-6.02244e-99
1.11056 	-1.22015e-98
1.11556 	-1.83806e-98
1.12056 	-2.45596e-98
1.12556 	-3.07387e-98
1.13057 	-3.69178e-98
1.13557 	-4.30969e-98
1.14057 	-4.92759e-98
1.14557 	-5.5455e-98
1.15058 	-9.96597e-99
1.15558 	4.33143e-97
1.16058 	8.76251e-97
1.16558 	1.31936e-96
1.17059 	1.76247e-96
1.17559 	2.20558e-96
1.18059 	2.64869e-96
1.18559 	3.09179e-96
1.1906 	3.5349e-96
1.1956 	3.97801e-96
1.2006 	6.15923e-97
1.2056 	-3.06509e-95
1.21061 	-6.19178e-95
1.21561 	-9.31847e-95
1.22061 	-1.24452e-94
1.22561 	-1.55718e-94
1.23062 	-1.86985e-94
1.23562 	-2.18252e-94
1.24062 	-2.49519e-94
1.24562 	-2.80786e-94
1.25063 	-3.68409e-95
1.25563 	2.13359e-93
1.26063 	4.30402e-93
1.26563 	6.47444e-93
1.27064 	8.64487e-93
1.27564 	1.08153e-92
1.28064 	1.29857e-92
1.28564 	1.51562e-92
1.29065 	1.73266e-92
1.29565 	1.9497e-92
1.30065 	2.12186e-93
1.30565 	-1.46058e-91
1.31066 	-2.94238e-91
1.31566 	-4.42419e-91
1.32066 	-5.90599e-91
1.32566 	-7.38779e-91
1.33067 	-8.86959e-91
1.33567 	-1.03514e-90
1.34067 	-1.18332e-90
1.34567 	-1.3315e-90
1.35068 	-1.16769e-91
1.35568 	9.83068e-90
1.36068 	1.97781e-89
1.36568 	2.97256e-89
1.37069 	3.9673e-89
1.37569 	4.96205e-89
1.38069 	5.9568e-89
1.38569 	6.95154e-89
1.3907 	7.94629e-89
1.3957 	8.94103e-89
1.4007 	6.06225e-90
1.4057 	-6.50387e-88
1.41071 	-1.30684e-87
1.41571 	-1.96329e-87
1.42071 	-2.61973e-87
1.42571 	-3.27618e-87
1.43072 	-3.93263e-87
1.43572 	-4.58908e-87
1.44072 	-5.24553e-87
1.44572 	-5.90198e-87
1.45073 	-2.90021e-88
1.45573 	4.22839e-86
1.46073 	8.48579e-86
1.46573 	1.27432e-85
1.47074 	1.70006e-85
1.47574 	2.1258e-85
1.48074 	2.55154e-85
1.48574 	2.97728e-85
1.49075 	3.40302e-85
1.49575 	3.82876e-85
1.50075 	1.21383e-86
1.50575 	-2.7007e-84
1.51076 	-5.41353e-84
1.51576 	-8.12636e-84
1.52076 	-1.08392e-83
1.52576 	-1.3552e-83
1.53077 	-1.62649e-83
1.53577 	-1.89777e-83
1.54077 	-2.16905e-83
1.54577 	-2.44034e-83
1.55078 	-3.77936e-85
1.55578 	1.69414e-82
1.56078 	3.39206e-82
1.56578 	5.08998e-82
1.57079 	6.7879e-82
1.57579 	8.48582e-82
1.58079 	1.01837e-81
1.58579 	1.18817e-81
1.5908 	1.35796e-81
1.5958 	1.52775e-81
1.6008 	7.42677e-85
1.6058 	-1.04345e-80
1.61081 	-2.08697e-80
1.61581 	-3.13049e-80
1.62081 	-4.17401e-80
1.62581 	-5.21753e-80
1.63082 	-6.26105e-80
1.63582 	-7.30457e-80
1.64082 	-8.34809e-80
1.64582 	-9.39161e-80
1.65083 	1.24959e-81
1.65583 	6.3082e-79
1.66083 	1.26039e-78
1.66583 	1.88996e-78
1.67084 	2.51953e-78
1.67584 	3.1491e-78
1.68084 	3.77867e-78
1.68584 	4.40824e-78
1.69085 	5.03781e-78
1.69585 	5.66738e-78
1.70085 	-1.46745e-79
1.70585 	-3.74213e-77
1.71086 	-7.46958e-77
1.71586 	-1.1197e-76
1.72086 	-1.49245e-76
1.72586 	-1.86519e-76
1.73087 	-2.23794e-76
1.73587 	-2.61069e-76
1.74087 	-2.98343e-76
1.74587 	-3.35618e-76
1.75088 	1.25125e-77
1.75588 	2.17755e-75
1.76088 	4.34259e-75
1.76588 	6.50763e-75
1.77089 	8.67266e-75
1.77589 	1.08377e-74
1.78089 	1.30027e-74
1.78589 	1.51678e-74
1.7909 	1.73328e-74
1.7959 	1.94979e-74
1.8009 	-9.25723e-76
1.8059 	-1.24253e-73
1.81091 	-2.4758e-73
1.81591 	-3.70908e-73
1.82091 	-4.94235e-73
1.82591 	-6.17562e-73
1.83092 	-7.40889e-73
1.83592 	-8.64217e-73
1.84092 	-9.87544e-73
1.84592 	-1.11087e-72
1.85093 	6.27495e-74
1.85593 	6.94995e-72
1.86093 	1.38372e-71
1.86593 	2.07244e-71
1.87094 	2.76116e-71
1.87594 	3.44988e-71
1.88094 	4.1386e-71
1.88594 	4.82732e-71
1.89095 	5.51604e-71
1.89595 	6.20476e-71
1.90095 	-3.99047e-72
1.90595 	-3.8092e-70
1.91096 	-7.5785e-70
1.91596 	-1.13478e-69
1.92096 	-1.51171e-69
1.92596 	-1.88864e-69
1.93097 	-2.26557e-69
1.93597 	-2.6425e-69
1.94097 	-3.01943e-69
1.94597 	-3.39636e-69
1.95098 	2.41014e-70
1.95598 	2.04503e-68
1.96098 	4.06595e-68
1.96598 	6.08687e-68
1.97099 	8.1078e-68
1.97599 	1.01287e-67
1.98099 	1.21496e-67
1.98599 	1.41706e-67
1.991 	1.61915e-67
1.996 	1.82124e-67
2.001 	-1.39216e-68
2.006 	-1.07499e-66
2.01101 	-2.13605e-66
2.01601 	-3.19712e-66
2.02101 	-4.25819e-66
2.02601 	-5.31925e-66
2.03102 	-6.38032e-66
2.03602 	-7.44138e-66
2.04102 	-8.50245e-66
2.04602 	-9.56352e-66
2.05103 	7.72268e-67
2.05603 	5.53056e-65
2.06103 	1.09839e-64
2.06603 	1.64372e-64
2.07104 	2.18906e-64
2.07604 	2.73439e-64
2.08104 	3.27972e-64
2.08604 	3.82506e-64
2.09105 	4.37039e-64
2.09605 	4.91572e-64
2.10105 	-4.12436e-65
2.10605 	-2.78361e-63
2.11106 	-5.52598e-63
2.11606 	-8.26834e-63
2.12106 	-1.10107e-62
2.12606 	-1.37531e-62
2.13107 	-1.64954e-62
2.13607 	-1.92378e-62
2.14107 	-2.19802e-62
2.14607 	-2.47225e-62
2.15108 	2.12354e-63
2.15608 	1.37002e-61
2.16108 	2.7188e-61
2.16608 	4.06759e-61
2.17109 	5.41637e-61
2.17609 	6.76515e-61
2.18109 	8.11394e-61
2.18609 	9.46272e-61
2.1911 	1.08115e-60
2.1961 	1.21603e-60
2.2011 	-1.05475e-61
2.2061 	-6.59052e-60
2.21111 	-1.30756e-59
2.21611 	-1.95606e-59
2.22111 	-2.60456e-59
2.22611 	-3.25307e-59
2.23112 	-3.90157e-59
2.23612 	-4.55008e-59
2.24112 	-5.19858e-59
2.24612 	-5.84709e-59
2.25113 	5.05384e-60
2.25613 	3.09723e-58
2.26113 	6.14393e-58
2.26613 	9.19062e-58
2.27114 	1.22373e-57
2.27614 	1.5284e-57
2.28114 	1.83307e-57
2.28614 	2.13774e-57
2.29115 	2.44241e-57
2.29615 	2.74708e-57
2.30115 	-2.33469e-58
2.30615 	-1.42124e-56
2.31116 	-2.81912e-56
2.31616 	-4.21701e-56
2.32116 	-5.6149e-56
2.32616 	-7.01279e-56
2.33117 	-8.41068e-56
2.33617 	-9.80856e-56
2.34117 	-1.12065e-55
2.34617 	-1.26043e-55
2.35118 	1.03868e-56
2.35618 	6.36446e-55
2.36118 	1.26251e-54
2.36618 	1.88857e-54
2.37119 	2.51463e-54
2.37619 	3.14069e-54
2.38119 	3.76674e-54
2.38619 	4.3928e-54
2.3912 	5.01886e-54
2.3962 	5.64492e-54
2.4012 	-4.44214e-55
2.4062 	-2.77981e-53
2.41121 	-5.51521e-53
2.41621 	-8.2506e-53
2.42121 	-1.0986e-52
2.42621 	-1.37214e-52
2.43122 	-1.64568e-52
2.43622 	-1.91922e-52
2.44122 	-2.19276e-52
2.44622 	-2.4663e-52
2.45123 	1.8214e-53
2.45623 	1.1835e-51
2.46123 	2.34879e-51
2.46623 	3.51408e-51
2.47124 	4.67937e-51
2.47624 	5.84466e-51
2.48124 	7.00995e-51
2.48624 	8.17524e-51
2.49125 	9.34052e-51
2.49625 	1.05058e-50
2.50125 	-7.13216e-52
2.50625 	-4.90852e-50
2.51126 	-9.74572e-50
2.51626 	-1.45829e-49
2.52126 	-1.94201e-49
2.52626 	-2.42573e-49
2.53127 	-2.90945e-49
2.53627 	-3.39317e-49
2.54127 	-3.87689e-49
2.54627 	-4.36061e-49
2.55128 	2.6515e-50
2.55628 	1.98186e-48
2.56128 	3.93721e-48
2.56628 	5.89255e-48
2.57129 	7.8479e-48
2.57629 	9.80324e-48
2.58129 	1.17586e-47
2.58629 	1.37139e-47
2.5913 	1.56693e-47
2.5963 	1.76246e-47
2.6013 	-9.27226e-49
2.6063 	-7.78457e-47
2.61131 	-1.54764e-46
2.61631 	-2.31683e-46
2.62131 	-3.08601e-46
2.62631 	-3.8552e-46
2.63132 	-4.62438e-46
2.63632 	-5.39357e-46
2.64132 	-6.16275e-46
2.64632 	-6.93194e-46
2.65133 	3.0018e-47
2.65633 	2.97246e-45
2.66133 	5.9149e-45
2.66633 	8.85734e-45
2.67134 	1.17998e-44
2.67634 	1.47422e-44
2.68134 	1.76847e-44
2.68634 	2.06271e-44
2.69135 	2.35695e-44
2.69635 	2.6512e-44
2.70135 	-8.72042e-46
2.70635 	-1.1025e-43
2.71136 	-2.19628e-43
2.71636 	-3.29005e-43
2.72136 	-4.38383e-43
2.72636 	-5.47761e-43
2.73137 	-6.57139e-43
2.73637 	-7.66517e-43
2.74137 	-8.75895e-43
2.74637 	-9.85272e-43
2.75138 	2.10641e-44
2.75638 	3.96883e-42
2.76138 	7.91659e-42
2.76638 	1.18644e-41
2.77139 	1.58121e-41
2.77639 	1.97599e-41
2.78139 	2.37077e-41
2.78639 	2.76554e-41
2.7914 	3.16032e-41
2.7964 	3.5551e-41
2.8014 	-3.11693e-43
2.8064 	-1.38544e-40
2.81141 	-2.76776e-40
2.81641 	-4.15009e-40
2.82141 	-5.53241e-40
2.82641 	-6.91473e-40
2.83142 	-8.29705e-40
2.83642 	-9.67938e-40
2.84142 	-1.10617e-39
2.84642 	-1.2444e-39
2.85143 	-6.14561e-42
2.85643 	4.68541e-39
2.86143 	9.37696e-39
2.86643 	1.40685e-38
2.87144 	1.87601e-38
2.87644 	2.34516e-38
2.88144 	2.81432e-38
2.88644 	3.28347e-38
2.89145 	3.75263e-38
2.89645 	4.22178e-38
2.90145 	8.33213e-40
2.90645 	-1.53359e-37
2.91146 	-3.0755e-37
2.91646 	-4.61742e-37
2.92146 	-6.15934e-37
2.92646 	-7.70126e-37
2.93147 	-9.24318e-37
2.93647 	-1.07851e-36
2.94147 	-1.2327e-36
2.94647 	-1.38689e-36
2.95148 	-4.94036e-38
2.95648 	4.85295e-36
2.96148 	9.75531e-36
2.96648 	1.46577e-35
2.97149 	1.956e-35
2.97649 	2.44624e-35
2.98149 	2.93647e-35
2.98649 	3.42671e-35
2.9915 	3.91694e-35
2.9965 	4.40718e-35
3.0015 	2.31787e-36
3.0065 	-1.48301e-34
3.01151 	-2.98919e-34
3.01651 	-4.49538e-34
3.02151 	-6.00156e-34
3.02651 	-7.50775e-34
3.03152 	-9.01393e-34
3.03652 	-1.05201e-33
3.04152 	-1.20263e-33
3.04652 	-1.35325e-33
3.05153 	-9.56039e-35
3.05653 	4.37104e-33
3.06153 	8.83767e-33
3.06653 	1.33043e-32
3.07154 	1.7771e-32
3.07654 	2.22376e-32
3.08154 	2.67042e-32
3.08654 	3.11709e-32
3.09155 	3.56375e-32
3.09655 	4.01041e-32
3.10155 	3.60069e-33
3.10655 	-1.24094e-31
3.11156 	-2.51789e-31
3.11656 	-3.79484e-31
3.12156 	-5.07179e-31
3.12656 	-6.34874e-31
3.13157 	-7.62569e-31
3.13657 	-8.90264e-31
3.14157 	-1.01796e-30
3.14657 	-1.14565e-30
3.15158 	-1.26021e-31
3.15658 	3.3886e-30
3.16158 	6.90321e-30
3.16658 	1.04178e-29
3.17159 	1.39324e-29
3.17659 	1.74471e-29
3.18159 	2.09617e-29
3.18659 	2.44763e-29
3.1916 	2.79909e-29
3.1966 	3.15055e-29
3.2016 	4.13647e-30
3.2066 	-8.88604e-29
3.21161 	-1.81857e-28
3.21661 	-2.74854e-28
3.22161 	-3.67851e-28
3.22661 	-4.60848e-28
3.23162 	-5.53845e-28
3.23662 	-6.46842e-28
3.24162 	-7.39839e-28
3.24662 	-8.32835e-28
3.25163 	-1.27979e-28
3.25663 	2.23396e-27
3.26163 	4.5959e-27
3.26663 	6.95783e-27
3.27164 	9.31977e-27
3.27664 	1.16817e-26
3.28164 	1.40436e-26
3.28664 	1.64056e-26
3.29165 	1.87675e-26
3.29665 	2.11295e-26
3.30165 	3.74242e-27
3.30665 	-5.3741e-26
3.31166 	-1.11224e-25
3.31666 	-1.68708e-25
3.32166 	-2.26191e-25
3.32666 	-2.83675e-25
3.33167 	-3.41158e-25
3.33667 	-3.98642e-25
3.34167 	-4.56125e-25
3.34667 	-5.13609e-25
3.35168 	-1.0357e-25
3.35668 	1.23454e-24
3.36168 	2.57264e-24
3.36668 	3.91075e-24
3.37169 	5.24885e-24
3.37669 	6.58696e-24
3.38169 	7.92506e-24
3.38669 	9.26317e-24
3.3917 	1.06013e-23
3.3967 	1.19394e-23
3.4017 	2.71343e-24
3.4067 	-2.70192e-23
3.41171 	-5.67518e-23
3.41671 	-8.64844e-23
3.42171 	-1.16217e-22
3.42671 	-1.4595e-22
3.43172 	-1.75682e-22
3.43672 	-2.05415e-22
3.44172 	-2.35148e-22
3.44672 	-2.6488e-22
3.45173 	-6.72721e-23
3.45673 	5.61954e-22
3.46173 	1.19118e-21
3.46673 	1.82041e-21
3.47174 	2.44963e-21
3.47674 	3.07886e-21
3.48174 	3.70808e-21
3.48674 	4.33731e-21
3.49175 	4.96654e-21
3.49675 	5.59576e-21
3.50175 	1.57672e-21
3.50675 	-1.10748e-20
3.51176 	-2.37264e-20
3.51676 	-3.63779e-20
3.52176 	-4.90295e-20
3.52676 	-6.1681e-20
3.53177 	-7.43325e-20
3.53677 	-8.69841e-20
3.54177 	-9.96356e-20
3.54677 	-1.12287e-19
3.55178 	-3.48844e-20
3.55678 	2.06138e-19
3.56178 	4.47161e-19
3.56678 	6.88184e-19
3.57179 	9.29207e-19
3.57679 	1.17023e-18
3.58179 	1.41125e-18
3.58679 	1.65227e-18
3.5918 	1.8933e-18
3.5968 	2.13432e-18
3.6018 	7.27133e-19
3.6068 	-3.61021e-18
3.61181 	-7.94754e-18
3.61681 	-1.22849e-17
3.62181 	-1.66222e-17
3.62681 	-2.09596e-17
3.63182 	-2.52969e-17
3.63682 	-2.96342e-17
3.64182 	-3.39716e-17
3.64682 	-3.83089e-17
3.65183 	-1.42445e-17
3.65683 	5.92313e-17
3.66183 	1.32707e-16
3.66683 	2.06183e-16
3.67184 	2.79659e-16
3.67684 	3.53135e-16
3.68184 	4.2661e-16
3.68684 	5.00086e-16
3.69185 	5.73562e-16
3.69685 	6.47038e-16
3.70185 	2.61486e-16
3.70685 	-9.05652e-16
3.71186 	-2.07279e-15
3.71686 	-3.23993e-15
3.72186 	-4.40707e-15
3.72686 	-5.57421e-15
3.73187 	-6.74135e-15
3.73687 	-7.90848e-15
3.74187 	-9.07562e-15
3.74687 	-1.02428e-14
3.75188 	-4.48228e-15
3.75688 	1.28242e-14
3.76188 	3.01307e-14
3.76688 	4.74372e-14
3.77189 	6.47437e-14
3.77689 	8.20502e-14
3.78189 	9.93567e-14
3.78689 	1.16663e-13
3.7919 	1.3397e-13
3.7969 	1.51276e-13
3.8019 	7.14479e-14
3.8069 	-1.66864e-13
3.81191 	-4.05175e-13
3.81691 	-6.43487e-13
3.82191 	-8.81799e-13
3.82691 	-1.12011e-12
3.83192 	-1.35842e-12
3.83692 	-1.59673e-12
3.84192 	-1.83505e-12
3.84692 	-2.07336e-12
3.85193 	-1.05382e-12
3.85693 	1.975e-12
3.86193 	5.00383e-12
3.86693 	8.03265e-12
3.87194 	1.10615e-11
3.87694 	1.40903e-11
3.88194 	1.71191e-11
3.88694 	2.01479e-11
3.89195 	2.31768e-11
3.89695 	2.62056e-11
3.90195 	1.42973e-11
3.90695 	-2.09741e-11
3.91196 	-5.62456e-11
3.91696 	-9.15171e-11
3.92196 	-1.26789e-10
3.92696 	-1.6206e-10
3.93197 	-1.97331e-10
3.93697 	-2.32603e-10
3.94197 	-2.67874e-10
3.94697 	-3.03146e-10
3.95198 	-1.77143e-10
3.95698 	1.95874e-10
3.96198 	5.68891e-10
3.96698 	9.41909e-10
3.97199 	1.31493e-09
3.97699 	1.68794e-09
3.98199 	2.06096e-09
3.98699 	2.43398e-09
3.992 	2.807e-09
3.997 	3.18001e-09
4.002 	1.98665e-09
4.007 	-1.5563e-09
4.01201 	-5.09924e-09
4.01701 	-8.64219e-09
4.02201 	-1.21851e-08
4.02701 	-1.57281e-08
4.03202 	-1.9271e-08
4.03702 	-2.2814e-08
4.04202 	-2.63569e-08
4.04702 	-2.98998e-08
4.05203 	-1.99421e-08
4.05703 	9.85005e-09
4.06203 	3.96422e-08
4.06703 	6.94343e-08
4.07204 	9.92264e-08
4.07704 	1.29019e-07
4.08204 	1.58811e-07
4.08704 	1.88603e-07
4.09205 	2.18395e-07
4.09705 	2.48187e-07
4.10205 	1.76573e-07
4.10705 	-4.09688e-08
4.11206 	-2.5851e-07
4.11706 	-4.76051e-07
4.12206 	-6.93593e-07
4.12706 	-9.11134e-07
4.13207 	-1.12868e-06
4.13707 	-1.34622e-06
4.14207 	-1.56376e-06
4.14707 	-1.7813e-06
4.15208 	-1.35181e-06
4.15708 	-1.02266e-08
4.16208 	1.33135e-06
4.16708 	2.67293e-06
4.17209 	4.01451e-06
4.17709 	5.35609e-06
4.18209 	6.69767e-06
4.18709 	8.03925e-06
4.1921 	9.38083e-06
4.1971 	1.07224e-05
4.2021 	8.69212e-06
4.2071 	2.00544e-06
4.21211 	-4.68123e-06
4.21711 	-1.13679e-05
4.22211 	-1.80546e-05
4.22711 	-2.47413e-05
4.23212 	-3.14279e-05
4.23712 	-3.81146e-05
4.24212 	-4.48013e-05
4.24712 	-5.1488e-05
4.25213 	-4.47907e-05
4.25713 	-1.99858e-05
4.26213 	4.81904e-06
4.26713 	2.96239e-05
4.27214 	5.44288e-05
4.27714 	7.92337e-05
4.28214 	0.000104039
4.28714 	0.000128843
4.29215 	0.000153648
4.29715 	0.000178453
4.30215 	0.000168935
4.30715 	0.00011392
4.31216 	5.89045e-05
4.31716 	3.88909e-06
4.32216 	-5.11263e-05
4.32716 	-0.000106142
4.33217 	-0.000161157
4.33717 	-0.000216173
4.34217 	-0.000271188
4.34717 	-0.000326203
4.35218 	-0.000359597
4.35718 	-0.000364906
4.36218 	-0.000370216
4.36718 	-0.000375526
4.37219 	-0.000380835
4.37719 	-0.000386145
4.38219 	-0.000391455
4.38719 	-0.000396764
4.3922 	-0.000402074
4.3972 	-0.000407384
4.4022 	-0.000224222
4.4072 	0.000198813
4.41221 	0.000621848
4.41721 	0.00104488
4.42221 	0.00146792
4.42721 	0.00189095
4.43222 	0.00231399
4.43722 	0.00273702
4.44222 	0.00316006
4.44722 	0.00358309
4.45223 	0.0035568
4.45723 	0.0029701
4.46223 	0.00238341
4.46723 	0.00179671
4.47224 	0.00121002
4.47724 	0.000623325
4.48224 	3.66301e-05
4.48724 	-0.000550064
4.49225 	-0.00113676
4.49725 	-0.00172345
4.50225 	-0.00315441
4.50725 	-0.00561724
4.51226 	-0.00808007
4.51726 	-0.0105429
4.52226 	-0.0130057
4.52726 	-0.0154686
4.53227 	-0.0179314
4.53727 	-0.0203942
4.54227 	-0.0228571
4.54727 	-0.0253199
4.55228 	-0.0256561
4.55728 	-0.023445
4.56228 	-0.021234
4.56728 	-0.0190229
4.57229 	-0.0168119
4.57729 	-0.0146008
4.58229 	-0.0123897
4.58729 	-0.0101787
4.5923 	-0.00796761
4.5973 	-0.00575655
4.6023 	0.00327986
4.6073 	0.0203286
4.61231 	0.0373774
4.61731 	0.0544262
4.62231 	0.071475
4.62731 	0.0885238
4.63232 	0.105573
4.63732 	0.122621
4.64232 	0.13967
4.64732 	0.156719
4.65233 	0.180488
4.65733 	0.21199
4.66233 	0.243492
4.66733 	0.274993
4.67234 	0.306495
4.67734 	0.337997
4.68234 	0.369498
4.68734 	0.401
4.69235 	0.432502
4.69735 	0.464003
4.70235 	0.495819
4.70735 	0.52799
4.71236 	0.56016
4.71736 	0.592331
4.72236 	0.624501
4.72736 	0.656672
4.73237 	0.688842
4.73737 	0.721013
4.74237 	0.753183
4.74737 	0.785354
4.75238 	0.811516
4.75738 	0.831038
4.76238 	0.85056
4.76738 	0.870082
4.77239 	0.889603
4.77739 	0.909125
4.78239 	0.928647
4.78739 	0.948169
4.7924 	0.96769
4.7974 	0.987212
4.8024 	0.999915
4.8074 	1.00523
4.81241 	1.01055
4.81741 	1.01586
4.82241 	1.02118
4.82741 	1.02649
4.83242 	1.03181
4.83742 	1.03712
4.84242 	1.04244
4.84742 	1.04775
4.85243 	1.04959
4.85743 	1.04772
4.86243 	1.04586
4.86743 	1.04399
4.87244 	1.04212
4.87744 	1.04026
4.88244 	1.03839
4.88744 	1.03653
4.89245 	1.03466
4.89745 	1.0328
4.90245 	1.03063
4.90745 	1.02813
4.91246 	1.02564
4.91746 	1.02315
4.92246 	1.02066
4.92746 	1.01817
4.93247 	1.01568
4.93747 	1.01318
4.94247 	1.01069
4.94747 	1.0082
4.95248 	1.00647
4.95748 	1.00551
4.96248 	1.00455
4.96748 	1.00359
4.97249 	1.00264
4.97749 	1.00168
4.98249 	1.00072
4.98749 	0.999764
4.9925 	0.998806
4.9975 	0.997848
5.0025 	0.99738
5.0075 	0.997402
5.01251 	0.997424
5.01751 	0.997446
5.02251 	0.997468
5.02751 	0.99749
5.03252 	0.997512
5.03752 	0.997533
5.04252 	0.997555
5.04752 	0.997577
5.05253 	0.99768
5.05753 	0.997863
5.06253 	0.998046
5.06753 	0.998229
5.07254 	0.998411
5.07754 	0.998594
5.08254 	0.998777
5.08754 	0.99896
5.09255 	0.999143
5.09755 	0.999325
5.10255 	0.999452
5.10755 	0.999524
5.11256 	0.999596
5.11756 	0.999668
5.12256 	0.99974
5.12756 	0.999812
5.13257 	0.999884
5.13757 	0.999956
5.14257 	1.00003
5.14757 	1.0001
5.15258 	1.00013
5.15758 	1.00013
5.16258 	1.00013
5.16758 	1.00013
5.17259 	1.00013
5.17759 	1.00013
5.18259 	1.00012
5.18759 	1.00012
5.1926 	1.00012
5.1976 	1.00012
5.2026 	1.00012
5.2076 	1.00011
5.21261 	1.00011
5.21761 	1.0001
5.22261 	1.0001
5.22761 	1.0001
5.23262 	1.00009
5.23762 	1.00009
5.24262 	1.00009
5.24762 	1.00008
5.25263 	1.00007
5.25763 	1.00004
5.26263 	1.00001
5.26763 	0.999982
5.27264 	0.999954
5.27764 	0.999926
5.28264 	0.999898
5.28764 	0.999869
5.29265 	0.999841
5.29765 	0.999813
5.30265 	0.999829
5.30765 	0.999884
5.31266 	0.99994
5.31766 	0.999995
5.32266 	1.00005
5.32766 	1.00011
5.33267 	1.00016
5.33767 	1.00022
5.34267 	1.00027
5.34767 	1.00033
5.35268 	1.00036
5.35768 	1.00036
5.36268 	1.00037
5.36768 	1.00037
5.37269 	1.00038
5.37769 	1.00038
5.38269 	1.00039
5.38769 	1.0004
5.3927 	1.0004
5.3977 	1.00041
5.4027 	1.00018
5.4077 	0.999758
5.41271 	0.999335
5.41771 	0.998913
5.42271 	0.99849
5.42771 	0.998067
5.43272 	0.997644
5.43772 	0.997221
5.44272 	0.996798
5.44772 	0.996375
5.45273 	0.996502
5.45773 	0.997089
5.46273 	0.997676
5.46773 	0.998262
5.47274 	0.998849
5.47774 	0.999436
5.48274 	1.00002
5.48774 	1.00061
5.49275 	1.0012
5.49775 	1.00178
5.50275 	1.0034
5.50775 	1.00586
5.51276 	1.00833
5.51776 	1.01079
5.52276 	1.01325
5.52776 	1.01571
5.53277 	1.01818
5.53777 	1.02064
5.54277 	1.0231
5.54777 	1.02557
5.55278 	1.02543
5.55778 	1.02322
5.56278 	1.02101
5.56778 	1.0188
5.57279 	1.01659
5.57779 	1.01438
5.58279 	1.01217
5.58779 	1.00996
5.5928 	1.00775
5.5978 	1.00554
5.6028 	0.995015
5.6078 	0.977966
5.61281 	0.960918
5.61781 	0.943869
5.62281 	0.92682
5.62781 	0.909771
5.63282 	0.892723
5.63782 	0.875674
5.64282 	0.858625
5.64782 	0.841576
5.65283 	0.816362
5.65783 	0.78486
5.66283 	0.753358
5.66783 	0.721857
5.67284 	0.690355
5.67784 	0.658853
5.68284 	0.627352
5.68784 	0.59585
5.69285 	0.564348
5.69785 	0.532847
5.70285 	0.500964
5.70785 	0.468793
5.71286 	0.436623
5.71786 	0.404452
5.72286 	0.372282
5.72786 	0.340111
5.73287 	0.307941
5.73787 	0.27577
5.74287 	0.243599
5.74787 	0.211429
5.75288 	0.186531
5.75788 	0.16701
5.76288 	0.147488
5.76788 	0.127966
5.77289 	0.108444
5.77789 	0.0889227
5.78289 	0.069401
5.78789 	0.0498792
5.7929 	0.0303575
5.7979 	0.0108357
5.8029 	-0.000446327
5.8079 	-0.00576173
5.81291 	-0.0110771
5.81791 	-0.0163925
5.82291 	-0.0217079
5.82791 	-0.0270233
5.83292 	-0.0323387
5.83792 	-0.0376541
5.84292 	-0.0429695
5.84792 	-0.0482849
5.85293 	-0.0493996
5.85793 	-0.0475342
5.86293 	-0.0456689
5.86793 	-0.0438035
5.87294 	-0.0419382
5.87794 	-0.0400728
5.88294 	-0.0382075
5.88794 	-0.0363421
5.89295 	-0.0344768
5.89795 	-0.0326114
5.90295 	-0.0303765
5.90795 	-0.0278848
5.91296 	-0.0253931
5.91796 	-0.0229014
5.92296 	-0.0204096
5.92796 	-0.0179179
5.93297 	-0.0154262
5.93797 	-0.0129345
5.94297 	-0.0104428
5.94797 	-0.00795107
5.95298 	-0.00637208
5.95798 	-0.00541434
5.96298 	-0.00445661
5.96798 	-0.00349887
5.97299 	-0.00254114
5.97799 	-0.0015834
5.98299 	-0.000625669
5.98799 	0.000332066
5.993 	0.0012898
5.998 	0.00224754
6.003 	0.00261751
6.008 	0.00259564
6.01301 	0.00257377
6.01801 	0.0025519
6.02301 	0.00253003
6.02801 	0.00250816
6.03302 	0.00248628
6.03802 	0.00246441
6.04302 	0.00244254
6.04802 	0.00242067
6.05303 	0.00230143
6.05803 	0.00211862
6.06303 	0.00193581
6.06803 	0.001753
6.07304 	0.00157019
6.07804 	0.00138738
6.08304 	0.00120456
6.08804 	0.00102175
6.09305 	0.000838941
6.09805 	0.000656129
6.10305 	0.000540996
6.10805 	0.000469132
6.11306 	0.000397269
6.11806 	0.000325405
6.12306 	0.000253542
6.12806 	0.000181678
6.13307 	0.000109815
6.13807 	3.79513e-05
6.14307 	-3.39122e-05
6.14807 	-0.000105776
6.15308 	-0.00013317
6.15808 	-0.000132727
6.16308 	-0.000132284
6.16808 	-0.00013184
6.17309 	-0.000131397
6.17809 	-0.000130953
6.18309 	-0.00013051
6.18809 	-0.000130066
6.1931 	-0.000129623
6.1981 	-0.000129179
6.2031 	-0.00012262
6.2081 	-0.000112311
6.21311 	-0.000102002
6.21811 	-9.16937e-05
6.22311 	-8.13851e-05
6.22811 	-7.10765e-05
6.23312 	-6.07678e-05
6.23812 	-5.04592e-05
6.24312 	-4.01506e-05
6.24812 	-2.98419e-05
6.25313 	-2.38814e-05
6.25813 	-2.05298e-05
6.26313 	-1.71781e-05
6.26813 	-1.38265e-05
6.27314 	-1.04748e-05
6.27814 	-7.12314e-06
6.28314 	-3.77149e-06
6.28814 	-4.19833e-07
6.29315 	2.93182e-06
6.29815 	6.28348e-06
6.30315 	7.37753e-06
6.30815 	7.1457e-06
6.31316 	6.91386e-06
6.31816 	6.68202e-06
6.32316 	6.45019e-06
6.32816 	6.21835e-06
6.33317 	5.98651e-06
6.33817 	5.75468e-06
6.34317 	5.52284e-06
6.34817 	5.291e-06
6.35318 	4.91641e-06
6.35818 	4.45977e-06
6.36318 	4.00313e-06
6.36818 	3.54649e-06
6.37319 	3.08985e-06
6.37819 	2.63321e-06
6.38319 	2.17656e-06
6.38819 	1.71992e-06
6.3932 	1.26328e-06
6.3982 	8.06638e-07
6.4032 	5.77797e-07
6.4082 	4.77096e-07
6.41321 	3.76394e-07
6.41821 	2.75692e-07
6.42321 	1.74991e-07
6.42821 	7.42889e-08
6.43322 	-2.64128e-08
6.43822 	-1.27114e-07
6.44322 	-2.27816e-07
6.44822 	-3.28518e-07
6.45323 	-3.5073e-07
6.45823 	-3.29742e-07
6.46323 	-3.08754e-07
6.46823 	-2.87766e-07
6.47324 	-2.66778e-07
6.47824 	-2.4579e-07
6.48324 	-2.24802e-07
6.48824 	-2.03814e-07
6.49325 	-1.82826e-07
6.49825 	-1.61838e-07
6.50325 	-1.44655e-07
6.50825 	-1.29521e-07
6.51326 	-1.14387e-07
6.51826 	-9.92533e-08
6.52326 	-8.41193e-08
6.52826 	-6.89853e-08
6.53327 	-5.38514e-08
6.53827 	-3.87174e-08
6.54327 	-2.35834e-08
6.54827 	-8.4494e-09
6.55328 	-2.16649e-09
6.55828 	-5.45583e-10
6.56328 	1.07532e-09
6.56828 	2.69622e-09
6.57329 	4.31712e-09
6.57829 	5.93802e-09
6.58329 	7.55893e-09
6.58829 	9.17983e-09
6.5933 	1.08007e-08
6.5983 	1.24216e-08
6.6033 	1.23221e-08
6.6083 	1.13362e-08
6.61331 	1.03503e-08
6.61831 	9.36448e-09
6.62331 	8.37862e-09
6.62831 	7.39276e-09
6.63332 	6.4069e-09
6.63832 	5.42103e-09
6.64332 	4.43517e-09
6.64832 	3.44931e-09
6.65333 	2.88491e-09
6.65833 	2.53283e-09
6.66333 	2.18074e-09
6.66833 	1.82866e-09
6.67334 	1.47658e-09
6.67834 	1.12449e-09
6.68334 	7.7241e-10
6.68834 	4.20327e-10
6.69335 	6.82435e-11
6.69835 	-2.8384e-10
6.70335 	-3.94956e-10
6.70835 	-3.87388e-10
6.71336 	-3.79819e-10
6.71836 	-3.72251e-10
6.72336 	-3.64682e-10
6.72836 	-3.57114e-10
6.73337 	-3.49545e-10
6.73837 	-3.41976e-10
6.74337 	-3.34408e-10
6.74837 	-3.26839e-10
6.75338 	-3.04696e-10
6.75838 	-2.75534e-10
6.76338 	-2.46373e-10
6.76838 	-2.17211e-10
6.77339 	-1.8805e-10
6.77839 	-1.58888e-10
6.78339 	-1.29727e-10
6.78839 	-1.00565e-10
6.7934 	-7.1404e-11
6.7984 	-4.22426e-11
6.8034 	-2.94945e-11
6.8084 	-2.44703e-11
6.81341 	-1.94461e-11
6.81841 	-1.44219e-11
6.82341 	-9.3977e-12
6.82841 	-4.3735e-12
6.83342 	6.50695e-13
6.83842 	5.67489e-12
6.84342 	1.06991e-11
6.84842 	1.57233e-11
6.85343 	1.64909e-11
6.85843 	1.53011e-11
6.86343 	1.41114e-11
6.86843 	1.29216e-11
6.87344 	1.17318e-11
6.87844 	1.0542e-11
6.88344 	9.35227e-12
6.88844 	8.1625e-12
6.89345 	6.97272e-12
6.89845 	5.78295e-12
6.90345 	5.02501e-12
6.90845 	4.46108e-12
6.91346 	3.89715e-12
6.91846 	3.33322e-12
6.92346 	2.7693e-12
6.92846 	2.20537e-12
6.93347 	1.64144e-12
6.93847 	1.07751e-12
6.94347 	5.13584e-13
6.94847 	-5.03444e-14
6.95348 	-2.33971e-13
6.95848 	-2.50703e-13
6.96348 	-2.67435e-13
6.96848 	-2.84167e-13
6.97349 	-3.00898e-13
6.97849 	-3.1763e-13
6.98349 	-3.34362e-13
6.98849 	-3.51094e-13
6.9935 	-3.67826e-13
6.9985 	-3.84558e-13
7.0035 	-3.65757e-13
7.0085 	-3.31728e-13
7.01351 	-2.97699e-13
7.01851 	-2.6367e-13
7.02351 	-2.29641e-13
7.02851 	-1.95612e-13
7.03352 	-1.61583e-13
7.03852 	-1.27554e-13
7.04352 	-9.35256e-14
7.04852 	-5.94966e-14
7.05353 	-4.48453e-14
7.05853 	-3.83023e-14
7.06353 	-3.17592e-14
7.06853 	-2.52162e-14
7.07354 	-1.86732e-14
7.07854 	-1.21301e-14
7.08354 	-5.58712e-15
7.08854 	9.55906e-16
7.09355 	7.49893e-15
7.09855 	1.4042e-14
7.10355 	1.5188e-14
7.10855 	1.41297e-14
7.11356 	1.30714e-14
7.11856 	1.2013e-14
7.12356 	1.09547e-14
7.12856 	9.89636e-15
7.13357 	8.83803e-15
7.13857 	7.77969e-15
7.14357 	6.72136e-15
7.14857 	5.66303e-15
7.15358 	4.96948e-15
7.15858 	4.42133e-15
7.16358 	3.87318e-15
7.16858 	3.32503e-15
7.17359 	2.77688e-15
7.17859 	2.22873e-15
7.18359 	1.68058e-15
7.18859 	1.13244e-15
7.1936 	5.84287e-16
7.1986 	3.61377e-17
7.2036 	-1.31612e-16
7.2086 	-1.51429e-16
7.21361 	-1.71246e-16
7.21861 	-1.91062e-16
7.22361 	-2.10879e-16
7.22861 	-2.30696e-16
7.23362 	-2.50513e-16
7.23862 	-2.70329e-16
7.24362 	-2.90146e-16
7.24862 	-3.09963e-16
7.25363 	-2.95284e-16
7.25863 	-2.6752e-16
7.26363 	-2.39756e-16
7.26863 	-2.11992e-16
7.27364 	-1.84228e-16
7.27864 	-1.56464e-16
7.28364 	-1.287e-16
7.28864 	-1.00936e-16
7.29365 	-7.31721e-17
7.29865 	-4.54081e-17
7.30365 	-3.43087e-17
7.30865 	-2.93729e-17
7.31366 	-2.4437e-17
7.31866 	-1.95012e-17
7.32366 	-1.45653e-17
7.32866 	-9.6295e-18
7.33367 	-4.69365e-18
7.33867 	2.42189e-19
7.34367 	5.17803e-18
7.34867 	1.01139e-17
7.35368 	1.08364e-17
7.35868 	1.00399e-17
7.36368 	9.2434e-18
7.36868 	8.44689e-18
7.37369 	7.65037e-18
7.37869 	6.85386e-18
7.38369 	6.05734e-18
7.38869 	5.26083e-18
7.3937 	4.46432e-18
7.3987 	3.6678e-18
7.4037 	3.1955e-18
7.4087 	2.83711e-18
7.41371 	2.47872e-18
7.41871 	2.12033e-18
7.42371 	1.76194e-18
7.42871 	1.40355e-18
7.43372 	1.04516e-18
7.43872 	6.86768e-19
7.44372 	3.28378e-19
7.44872 	-3.00115e-20
7.45373 	-1.26038e-19
7.45873 	-1.32262e-19
7.46373 	-1.38486e-19
7.46873 	-1.4471e-19
7.47374 	-1.50934e-19
7.47874 	-1.57159e-19
7.48374 	-1.63383e-19
7.48874 	-1.69607e-19
7.49375 	-1.75831e-19
7.49875 	-1.82055e-19
7.50375 	-1.711e-19
7.50875 	-1.54419e-19
7.51376 	-1.37737e-19
7.51876 	-1.21056e-19
7.52376 	-1.04374e-19
7.52876 	-8.76929e-20
7.53377 	-7.10115e-20
7.53877 	-5.433e-20
7.54377 	-3.76486e-20
7.54877 	-2.09671e-20
7.55378 	-1.51168e-20
7.55878 	-1.27812e-20
7.56378 	-1.04456e-20
7.56878 	-8.11003e-21
7.57379 	-5.77443e-21
7.57879 	-3.43884e-21
7.58379 	-1.10324e-21
7.58879 	1.23235e-21
7.5938 	3.56794e-21
7.5988 	5.90354e-21
7.6038 	6.08834e-21
7.6088 	5.59395e-21
7.61381 	5.09956e-21
7.61881 	4.60517e-21
7.62381 	4.11078e-21
7.62881 	3.61639e-21
7.63382 	3.122e-21
7.63882 	2.62761e-21
7.64382 	2.13322e-21
7.64882 	1.63883e-21
7.65383 	1.39767e-21
7.65883 	1.23429e-21
7.66383 	1.07092e-21
7.66883 	9.07543e-22
7.67384 	7.44169e-22
7.67884 	5.80794e-22
7.68384 	4.1742e-22
7.68884 	2.54046e-22
7.69385 	9.06718e-23
7.69885 	-7.27024e-23
7.70385 	-1.07797e-22
7.70885 	-1.04575e-22
7.71386 	-1.01352e-22
7.71886 	-9.81294e-23
7.72386 	-9.49068e-23
7.72886 	-9.16842e-23
7.73387 	-8.84616e-23
7.73887 	-8.52391e-23
7.74387 	-8.20165e-23
7.74887 	-7.87939e-23
7.75388 	-7.23204e-23
7.75888 	-6.49031e-23
7.76388 	-5.74859e-23
7.76888 	-5.00686e-23
7.77389 	-4.26513e-23
7.77889 	-3.5234e-23
7.78389 	-2.78167e-23
7.78889 	-2.03994e-23
7.7939 	-1.29821e-23
7.7989 	-5.56484e-24
7.8039 	-3.40776e-24
7.8089 	-2.73433e-24
7.81391 	-2.0609e-24
7.81891 	-1.38747e-24
7.82391 	-7.14043e-25
7.82891 	-4.06143e-26
7.83392 	6.32815e-25
7.83892 	1.30624e-24
7.84392 	1.97967e-24
7.84892 	2.6531e-24
7.85393 	2.61378e-24
7.85893 	2.37925e-24
7.86393 	2.14472e-24
7.86893 	1.91018e-24
7.87394 	1.67565e-24
7.87894 	1.44112e-24
7.88394 	1.20659e-24
7.88894 	9.72055e-25
7.89395 	7.37522e-25
7.89895 	5.0299e-25
7.90395 	4.12834e-25
7.90895 	3.61056e-25
7.91396 	3.09279e-25
7.91896 	2.57501e-25
7.92396 	2.05724e-25
7.92896 	1.53946e-25
7.93397 	1.02169e-25
7.93897 	5.03915e-26
7.94397 	-1.38604e-27
7.94897 	-5.31635e-26
7.95398 	-6.06164e-26
7.95898 	-5.66397e-26
7.96398 	-5.26629e-26
7.96898 	-4.86862e-26
7.97399 	-4.47094e-26
7.97899 	-4.07327e-26
7.98399 	-3.67559e-26
7.98899 	-3.27792e-26
7.994 	-2.88024e-26
7.999 	-2.48257e-26
8.004 	-2.21041e-26
8.009 	-1.96962e-26
8.01401 	-1.72884e-26
8.01901 	-1.48806e-26
8.02401 	-1.24727e-26
8.02901 	-1.00649e-26
8.03402 	-7.65708e-27
8.03902 	-5.24926e-27
8.04402 	-2.84143e-27
8.04902 	-4.33598e-28
8.05403 	1.05333e-28
8.05903 	1.91551e-28
8.06403 	2.77768e-28
8.06903 	3.63985e-28
8.07404 	4.50202e-28
8.07904 	5.36419e-28
8.08404 	6.22637e-28
8.08904 	7.08854e-28
8.09405 	7.95071e-28
8.09905 	8.81288e-28
8.10405 	8.31765e-28
8.10905 	7.50402e-28
8.11406 	6.69038e-28
8.11906 	5.87675e-28
8.12406 	5.06311e-28
8.12906 	4.24948e-28
8.13407 	3.43584e-28
8.13907 	2.62221e-28
8.14407 	1.80857e-28
8.14907 	9.94937e-29
8.15408 	7.55813e-29
8.15908 	6.471e-29
8.16408 	5.38387e-29
8.16908 	4.29674e-29
8.17409 	3.20961e-29
8.17909 	2.12248e-29
8.18409 	1.03535e-29
8.18909 	-5.17852e-31
8.1941 	-1.13892e-29
8.1991 	-2.22605e-29
8.2041 	-2.26568e-29
8.2091 	-2.07538e-29
8.21411 	-1.88508e-29
8.21911 	-1.69477e-29
8.22411 	-1.50447e-29
8.22911 	-1.31417e-29
8.23412 	-1.12387e-29
8.23912 	-9.33563e-30
8.24412 	-7.4326e-30
8.24912 	-5.52957e-30
8.25413 	-4.73747e-30
8.25913 	-4.18102e-30
8.26413 	-3.62457e-30
8.26913 	-3.06812e-30
8.27414 	-2.51167e-30
8.27914 	-1.95522e-30
8.28414 	-1.39877e-30
8.28914 	-8.42319e-31
8.29415 	-2.85869e-31
8.29915 	2.70581e-31
8.30415 	3.52163e-31
8.30915 	3.36482e-31
8.31416 	3.20801e-31
8.31916 	3.0512e-31
8.32416 	2.89439e-31
8.32916 	2.73759e-31
8.33417 	2.58078e-31
8.33917 	2.42397e-31
8.34417 	2.26716e-31
8.34917 	2.11036e-31
8.35418 	1.9154e-31
8.35918 	1.71292e-31
8.36418 	1.51043e-31
8.36918 	1.30794e-31
8.37419 	1.10545e-31
8.37919 	9.02964e-32
8.38419 	7.00476e-32
8.38919 	4.97988e-32
8.3942 	2.95499e-32
8.3992 	9.30113e-33
8.4042 	5.02303e-33
8.4092 	3.78697e-33
8.41421 	2.5509e-33
8.41921 	1.31484e-33
8.42421 	7.87728e-35
8.42921 	-1.15729e-33
8.43422 	-2.39336e-33
8.43922 	-3.62942e-33
8.44422 	-4.86548e-33
8.44922 	-6.10155e-33
8.45423 	-5.82251e-33
8.45923 	-5.26555e-33
8.46423 	-4.70859e-33
8.46923 	-4.15164e-33
8.47424 	-3.59468e-33
8.47924 	-3.03772e-33
8.48424 	-2.48076e-33
8.48924 	-1.9238e-33
8.49425 	-1.36684e-33
8.49925 	-8.09887e-34
8.50425 	-6.52802e-34
8.50925 	-5.66283e-34
8.51426 	-4.79764e-34
8.51926 	-3.93245e-34
8.52426 	-3.06726e-34
8.52926 	-2.20207e-34
8.53427 	-1.33688e-34
8.53927 	-4.71691e-35
8.54427 	3.93499e-35
8.54927 	1.25869e-34
8.55428 	1.29472e-34
8.55928 	1.19013e-34
8.56428 	1.08555e-34
8.56928 	9.80961e-35
8.57429 	8.76375e-35
8.57929 	7.71789e-35
8.58429 	6.67203e-35
8.58929 	5.62616e-35
8.5943 	4.5803e-35
8.5993 	3.53444e-35
8.6043 	3.08358e-35
8.6093 	2.72958e-35
8.61431 	2.37558e-35
8.61931 	2.02158e-35
8.62431 	1.66758e-35
8.62931 	1.31358e-35
8.63432 	9.59584e-36
8.63932 	6.05585e-36
8.64432 	2.51586e-36
8.64932 	-1.02413e-36
8.65433 	-1.47048e-36
8.65933 	-1.43402e-36
8.66433 	-1.39755e-36
8.66933 	-1.36108e-36
8.67434 	-1.32461e-36
8.67934 	-1.28814e-36
8.68434 	-1.25167e-36
8.68934 	-1.2152e-36
8.69435 	-1.17873e-36
8.69935 	-1.14227e-36
8.70435 	-1.04237e-36
8.70935 	-9.32996e-37
8.71436 	-8.23622e-37
8.71936 	-7.14249e-37
8.72436 	-6.04875e-37
8.72936 	-4.95501e-37
8.73437 	-3.86128e-37
8.73937 	-2.76754e-37
8.74437 	-1.6738e-37
8.74937 	-5.80067e-38
8.75438 	-3.7852e-38
8.75938 	-3.04429e-38
8.76438 	-2.30338e-38
8.76938 	-1.56246e-38
8.77439 	-8.21552e-39
8.77939 	-8.06395e-40
8.78439 	6.60273e-39
8.78939 	1.40119e-38
8.7944 	2.1421e-38
8.7994 	2.88301e-38
8.8044 	2.74127e-38
8.8094 	2.47917e-38
8.81441 	2.21706e-38
8.81941 	1.95496e-38
8.82441 	1.69286e-38
8.82941 	1.43076e-38
8.83442 	1.16865e-38
8.83942 	9.06552e-39
8.84442 	6.44449e-39
8.84942 	3.82347e-39
8.85443 	3.15916e-39
8.85943 	2.74912e-39
8.86443 	2.33907e-39
8.86943 	1.92903e-39
8.87444 	1.51898e-39
8.87944 	1.10894e-39
8.88444 	6.98896e-40
8.88944 	2.88852e-40
8.89445 	-1.21192e-40
8.89945 	-5.31236e-40
8.90445 	-5.37519e-40
8.90945 	-4.939e-40
8.91446 	-4.5028e-40
8.91946 	-4.06661e-40
8.92446 	-3.63042e-40
8.92946 	-3.19422e-40
8.93447 	-2.75803e-40
8.93947 	-2.32183e-40
8.94447 	-1.88564e-40
8.94947 	-1.44945e-40
8.95448 	-1.27293e-40
8.95948 	-1.12688e-40
8.96448 	-9.80827e-41
8.96948 	-8.34775e-41
8.97449 	-6.88724e-41
8.97949 	-5.42673e-41
8.98449 	-3.96622e-41
8.98949 	-2.5057e-41
8.9945 	-1.04519e-41
8.9995 	4.15321e-42
9.0045 	5.4857e-42
9.0095 	5.34346e-42
9.01451 	5.20121e-42
9.01951 	5.05896e-42
9.02451 	4.91672e-42
9.02951 	4.77447e-42
9.03452 	4.63223e-42
9.03952 	4.48998e-42
9.04452 	4.34773e-42
9.04952 	4.20549e-42
9.05453 	3.82565e-42
9.05953 	3.42088e-42
9.06453 	3.01611e-42
9.06953 	2.61134e-42
9.07454 	2.20657e-42
9.07954 	1.80179e-42
9.08454 	1.39702e-42
9.08954 	9.9225e-43
9.09455 	5.87478e-43
9.09955 	1.82706e-43
9.10455 	1.23871e-43
9.10955 	9.92496e-44
9.11456 	7.46283e-44
9.11956 	5.00071e-44
9.12456 	2.53859e-44
9.12956 	7.64691e-46
9.13457 	-2.38565e-44
9.13957 	-4.84777e-44
9.14457 	-7.3099e-44
9.14957 	-9.77202e-44
9.15458 	-9.16493e-44
9.15958 	-8.27273e-44
9.16458 	-7.38052e-44
9.16958 	-6.48832e-44
9.17459 	-5.59611e-44
9.17959 	-4.7039e-44
9.18459 	-3.8117e-44
9.18959 	-2.91949e-44
9.1946 	-2.02729e-44
9.1996 	-1.13508e-44
9.2046 	-9.48991e-45
9.2096 	-8.24299e-45
9.21461 	-6.99607e-45
9.21961 	-5.74915e-45
9.22461 	-4.50224e-45
9.22961 	-3.25532e-45
9.23462 	-2.0084e-45
9.23962 	-7.61483e-46
9.24462 	4.85434e-46
9.24962 	1.73235e-45
9.25463 	1.69297e-45
9.25963 	1.54929e-45
9.26463 	1.40561e-45
9.26963 	1.26192e-45
9.27464 	1.11824e-45
9.27964 	9.74564e-46
9.28464 	8.30883e-46
9.28964 	6.87203e-46
9.29465 	5.43522e-46
9.29965 	3.99842e-46
9.30465 	3.51693e-46
9.30965 	3.10734e-46
9.31466 	2.69776e-46
9.31966 	2.28817e-46
9.32466 	1.87859e-46
9.32966 	1.469e-46
9.33467 	1.05942e-46
9.33967 	6.49832e-47
9.34467 	2.40247e-47
9.34967 	-1.69338e-47
9.35468 	-1.87756e-47
9.35968 	-1.78981e-47
9.36468 	-1.70205e-47
9.36968 	-1.6143e-47
9.37469 	-1.52654e-47
9.37969 	-1.43879e-47
9.38469 	-1.35104e-47
9.38969 	-1.26328e-47
9.3947 	-1.17553e-47
9.3997 	-1.08778e-47
9.4047 	-9.82802e-48
9.4097 	-8.76729e-48
9.41471 	-7.70656e-48
9.41971 	-6.64583e-48
9.42471 	-5.5851e-48
9.42971 	-4.52437e-48
9.43472 	-3.46364e-48
9.43972 	-2.40291e-48
9.44472 	-1.34218e-48
9.44972 	-2.81455e-49
9.45473 	-1.78942e-49
9.45973 	-1.32199e-49
9.46473 	-8.54555e-50
9.46973 	-3.8712e-50
9.47474 	8.03146e-51
9.47974 	5.47749e-50
9.48474 	1.01518e-49
9.48974 	1.48262e-49
9.49475 	1.95005e-49
9.49975 	2.41749e-49
9.50475 	2.22843e-49
9.50975 	2.00481e-49
9.51476 	1.7812e-49
9.51976 	1.55759e-49
9.52476 	1.33397e-49
9.52976 	1.11036e-49
9.53477 	8.86746e-50
9.53977 	6.63133e-50
9.54477 	4.39519e-50
9.54977 	2.15906e-50
9.55478 	1.81973e-50
9.55978 	1.56977e-50
9.56478 	1.31982e-50
9.56978 	1.06987e-50
9.57479 	8.19914e-51
9.57979 	5.69961e-51
9.58479 	3.20008e-51
9.58979 	7.00553e-52
9.5948 	-1.79898e-51
9.5998 	-4.29851e-51
9.6048 	-4.04732e-51
9.6098 	-3.68152e-51
9.61481 	-3.31572e-51
9.61981 	-2.94992e-51
9.62481 	-2.58412e-51
9.62981 	-2.21833e-51
9.63482 	-1.85253e-51
9.63982 	-1.48673e-51
9.64482 	-1.12093e-51
9.64982 	-7.5513e-52
9.65483 	-6.6537e-52
9.65983 	-5.85621e-52
9.66483 	-5.05872e-52
9.66983 	-4.26124e-52
9.67484 	-3.46375e-52
9.67984 	-2.66627e-52
9.68484 	-1.86878e-52
9.68984 	-1.0713e-52
9.69485 	-2.73812e-53
9.69985 	5.23674e-53
9.70485 	5.13774e-53
9.70985 	4.78903e-53
9.71486 	4.44032e-53
9.71986 	4.09161e-53
9.72486 	3.7429e-53
9.72986 	3.3942e-53
9.73487 	3.04549e-53
9.73987 	2.69678e-53
9.74487 	2.34807e-53
9.74987 	1.99936e-53
9.75488 	1.79614e-53
9.75988 	1.59664e-53
9.76488 	1.39715e-53
9.76988 	1.19766e-53
9.77489 	9.98162e-54
9.77989 	7.98667e-54
9.78489 	5.99173e-54
9.78989 	3.99679e-54
9.7949 	2.00185e-54
9.7999 	6.90439e-57
9.8049 	-7.26168e-56
9.8099 	-1.13048e-55
9.81491 	-1.53479e-55
9.81991 	-1.9391e-55
9.82491 	-2.34341e-55
9.82991 	-2.74772e-55
9.83492 	-3.15203e-55
9.83992 	-3.55634e-55
9.84492 	-3.96065e-55
9.84992 	-4.36496e-55
9.85493 	-3.96449e-55
9.85993 	-3.55177e-55
9.86493 	-3.13905e-55
9.86993 	-2.72632e-55
9.87494 	-2.3136e-55
9.87994 	-1.90088e-55
9.88494 	-1.48816e-55
9.88994 	-1.07543e-55
9.89495 	-6.62711e-56
9.89995 	-2.49989e-56
9.90495 	-2.13816e-56
9.90995 	-1.81447e-56
9.91496 	-1.49078e-56
9.91996 	-1.16709e-56
9.92496 	-8.43405e-57
9.92996 	-5.19716e-57
9.93497 	-1.96027e-57
9.93997 	1.27662e-57
9.94497 	4.51351e-57
9.94997 	7.7504e-57
9.95498 	7.17103e-57
9.95998 	6.57249e-57
9.96498 	5.97396e-57
9.96998 	5.37542e-57
9.97499 	4.77688e-57
9.97999 	4.17834e-57
9.98499 	3.5798e-57
9.98999 	2.98126e-57
9.995 	2.38272e-57
10 	1.78418e-57
